#! FIELDS time l_0 metad.bias metad.rbias
#! SET min_l_0 -pi
#! SET max_l_0 pi
 0.000000 2.641116 73.814954 3.652909
 1.000000 2.695697 73.916648 3.754603
 2.000000 2.160386 70.142720 -0.019325
 3.000000 2.380720 72.267516 2.105471
 4.000000 2.019987 68.577020 -1.585025
 5.000000 0.131799 69.795586 -0.366459
 6.000000 -1.045864 63.754825 -6.407220
 7.000000 -0.800019 67.485254 -2.676791
 8.000000 0.858180 66.830952 -3.331093
 9.000000 -2.804132 64.795923 -5.366122
 10.000000 0.579831 68.509882 -1.652163
 11.000000 0.171651 69.660875 -0.501170
 12.000000 -0.190575 70.862749 0.700704
 13.000000 -0.791198 67.590610 -2.571436
 14.000000 2.645815 73.828036 3.665991
 15.000000 3.095638 71.068839 0.906794
 16.000000 2.839135 73.640495 3.478450
 17.000000 2.929400 73.020683 2.858638
 18.000000 1.293934 64.747946 -5.414099
 19.000000 -0.485359 70.127393 -0.034652
 20.000000 -1.724285 55.630595 -14.531450
 21.000000 2.551039 73.443230 3.281185
 22.000000 2.702775 73.921644 3.759599
 23.000000 0.030435 70.196936 0.034891
 24.000000 1.230217 64.974636 -5.187409
 25.000000 0.077353 70.004119 -0.157926
 26.000000 -0.949997 65.368840 -4.793205
 27.000000 -0.561213 69.664378 -0.497667
 28.000000 -0.742383 68.135556 -2.026489
 29.000000 0.100248 69.913783 -0.248262
 30.000000 -0.842258 66.951046 -3.210999
 31.000000 1.995870 68.304976 -1.857069
 32.000000 2.750922 73.908421 3.746375
 33.000000 2.046308 68.873948 -1.288097
 34.000000 2.298208 71.530300 1.368255
 35.000000 -2.743797 63.791176 -6.370869
 36.000000 2.146118 69.987619 -0.174426
 37.000000 -2.938306 67.079751 -3.082294
 38.000000 0.110067 69.876123 -0.285922
 39.000000 -1.225881 60.574881 -9.587164
 40.000000 -2.525192 60.421261 -9.740784
 41.000000 -2.348696 58.241672 -11.920373
 42.000000 1.818097 66.393174 -3.768871
 43.000000 -1.894995 55.549459 -14.612586
 44.000000 1.180841 65.173017 -4.989028
 45.000000 -0.892322 66.253169 -3.908876
 46.000000 -0.614725 69.280318 -0.881727
 47.000000 -0.131568 70.762859 0.600814
 48.000000 0.327528 69.276240 -0.885805
 49.000000 -1.575310 56.282074 -13.879971
 50.000000 0.449810 69.001143 -1.160902
 51.000000 3.040972 71.807257 1.645212
 52.000000 -2.579466 61.201972 -8.960073
 53.000000 1.686080 65.279214 -4.882831
 54.000000 3.072501 71.389898 1.227853
 55.000000 2.419589 72.581862 2.419817
 56.000000 3.051792 71.667038 1.504993
 57.000000 2.342406 71.936477 1.774432
 58.000000 0.657941 68.090868 -2.071177
 59.000000 1.246366 64.913308 -5.248737
 60.000000 0.513377 68.792745 -1.369300
 61.000000 2.933079 72.988023 2.825978
 62.000000 2.715560 73.926260 3.764215
 63.000000 2.244767 71.015961 0.853916
 64.000000 1.397099 64.516351 -5.645694
 65.000000 1.604437 64.810594 -5.351451
 66.000000 -2.132492 56.424016 -13.738029
 67.000000 -0.153999 70.810229 0.648184
 68.000000 0.286598 69.363661 -0.798384
 69.000000 -0.221754 70.882534 0.720489
 70.000000 1.823402 66.445038 -3.717007
 71.000000 2.903618 73.233369 3.071324
 72.000000 -2.878786 66.064992 -4.097053
 73.000000 -2.458039 59.521750 -10.640295
 74.000000 2.954595 72.786427 2.624382
 75.000000 0.563221 68.587437 -1.574608
 76.000000 -2.475980 59.753618 -10.408427
 77.000000 1.144633 65.329700 -4.832345
 78.000000 -0.401175 70.532250 0.370205
 79.000000 1.133184 65.381583 -4.780462
 80.000000 -1.605632 56.097424 -14.064621
 81.000000 -0.422260 70.442495 0.280450
 82.000000 -2.014276 55.842141 -14.319904
 83.000000 2.512668 73.225998 3.063953
 84.000000 -2.805067 64.811645 -5.350400
 85.000000 0.828503 67.016403 -3.145642
 86.000000 0.346408 69.238436 -0.923609
 87.000000 -0.937461 65.567489 -4.594557
 88.000000 -0.794881 67.546857 -2.615188
 89.000000 0.615509 68.328211 -1.833834
 90.000000 0.762324 67.438415 -2.723630
 91.000000 0.158905 69.701905 -0.460140
 92.000000 -0.084688 70.631582 0.469537
 93.000000 -3.075176 69.356301 -0.805744
 94.000000 2.151953 70.051226 -0.110819
 95.000000 1.453674 64.477451 -5.684595
 96.000000 2.309231 71.632909 1.470864
 97.000000 2.154791 70.082079 -0.079966
 98.000000 -0.063585 70.562562 0.400517
 99.000000 1.571503 64.678656 -5.483389
 100.000000 -1.276556 59.734105 -10.427940
 101.000000 2.914804 73.144667 2.982622
 102.000000 -0.517475 69.942551 -0.219494
 103.000000 -1.292315 59.484110 -10.677935
 104.000000 -1.845786 55.508660 -14.653385
 105.000000 -2.240894 57.216643 -12.945402
 106.000000 -1.147658 61.947752 -8.214293
 107.000000 -2.629692 61.961957 -8.200088
 108.000000 2.335002 71.869744 1.707699
 109.000000 2.242382 70.992181 0.830136
 110.000000 -1.826419 55.506319 -14.655726
 111.000000 -1.860702 55.516025 -14.646020
 112.000000 -1.082405 63.110770 -7.051275
 113.000000 -0.110459 70.708789 0.546744
 114.000000 -0.584965 69.500652 -0.661394
 115.000000 -1.531042 56.606186 -13.555859
 116.000000 -3.005756 68.217338 -1.944707
 117.000000 2.135169 69.867732 -0.294313
 118.000000 3.099295 71.016994 0.854949
 119.000000 2.567091 73.524596 3.362551
 120.000000 2.216534 70.732145 0.570100
 121.000000 1.948705 67.776645 -2.385400
 122.000000 2.852260 73.572215 3.410170
 123.000000 2.057029 68.994734 -1.167311
 124.000000 2.772465 73.873220 3.711175
 125.000000 1.908357 67.330644 -2.831401
 126.000000 1.953809 67.833467 -2.328578
 127.000000 1.337968 64.629024 -5.533021
 128.000000 2.781528 73.852724 3.690679
 129.000000 -1.435259 57.537619 -12.624426
 130.000000 2.772953 73.872203 3.710158
 131.000000 -0.111639 70.712039 0.549994
 132.000000 1.186996 65.147457 -5.014588
 133.000000 -0.996089 64.612694 -5.549351
 134.000000 0.384571 69.160385 -1.001660
 135.000000 -2.908499 66.573326 -3.588719
 136.000000 -0.641869 69.066849 -1.095196
 137.000000 1.941990 67.702046 -2.459999
 138.000000 -2.859853 65.739203 -4.422842
 139.000000 -0.276386 70.862896 0.700851
 140.000000 -0.267974 70.871586 0.709541
 141.000000 0.276561 69.385871 -0.776174
 142.000000 2.317959 71.713724 1.551679
 143.000000 2.398785 72.416448 2.254403
 144.000000 -2.769641 64.219487 -5.942558
 145.000000 -2.899106 66.413609 -3.748436
 146.000000 2.744990 73.914825 3.752780
 147.000000 -2.653559 62.334618 -7.827427
 148.000000 2.454548 72.840904 2.678859
 149.000000 2.797113 73.809340 3.647295
 150.000000 2.306954 71.611762 1.449717
 151.000000 2.224384 70.811646 0.649601
 152.000000 -2.215720 57.012339 -13.149706
 153.000000 2.907980 73.199455 3.037410
 154.000000 -0.214499 70.879720 0.717675
 155.000000 -0.151355 70.805220 0.643175
 156.000000 0.479326 68.911478 -1.250567
 157.000000 -2.341897 58.170152 -11.991893
 158.000000 2.861174 73.521492 3.359447
 159.000000 2.277558 71.335353 1.173308
 160.000000 2.180127 70.354386 0.192341
 161.000000 -2.871635 65.941810 -4.220235
 162.000000 -0.135876 70.772793 0.610748
 163.000000 0.447870 69.006549 -1.155496
 164.000000 0.126702 69.814088 -0.347957
 165.000000 -1.598850 56.136095 -14.025950
 166.000000 -0.710557 68.457587 -1.704458
 167.000000 1.378843 64.543469 -5.618576
 168.000000 -1.324769 58.988205 -11.173840
 169.000000 -0.706357 68.498229 -1.663816
 170.000000 -2.617465 61.773715 -8.388330
 171.000000 2.504189 73.173596 3.011551
 172.000000 1.180375 65.174963 -4.987082
 173.000000 1.466403 64.479911 -5.682134
 174.000000 0.721037 67.704281 -2.457764
 175.000000 2.855800 73.552491 3.390446
 176.000000 -2.882414 66.127457 -4.034588
 177.000000 -2.471642 59.697136 -10.464909
 178.000000 -0.712464 68.438986 -1.723059
 179.000000 0.100649 69.912234 -0.249811
 180.000000 1.286716 64.771089 -5.390956
 181.000000 -0.076351 70.604813 0.442768
 182.000000 1.080069 65.626884 -4.535161
 183.000000 1.128083 65.404897 -4.757148
 184.000000 -0.788814 67.618746 -2.543299
 185.000000 0.089564 69.955506 -0.206539
 186.000000 1.098697 65.539864 -4.622181
 187.000000 1.060173 65.721996 -4.440049
 188.000000 0.047182 70.127507 -0.034538
 189.000000 -1.123986 62.369361 -7.792684
 190.000000 2.043663 68.844134 -1.317911
 191.000000 3.000823 72.294505 2.132460
 192.000000 2.274524 71.306355 1.144310
 193.000000 -2.745552 63.820168 -6.341877
 194.000000 -2.872258 65.952540 -4.209505
 195.000000 0.374590 69.181442 -0.980603
 196.000000 0.620116 68.303421 -1.858624
 197.000000 -0.871928 66.545959 -3.616086
 198.000000 -0.202155 70.872676 0.710631
 199.000000 0.105431 69.893816 -0.268229
 200.000000 0.769102 67.394834 -2.767211
 201.000000 0.888453 66.645427 -3.516618
 202.000000 -0.923240 65.788489 -4.373556
 203.000000 -0.013185 70.375516 0.213471
 204.000000 -1.070150 63.327722 -6.834323
 205.000000 2.985906 72.461938 2.299893
 206.000000 -0.835237 67.043444 -3.118601
 207.000000 -0.543777 69.778914 -0.383131
 208.000000 -1.872681 55.525224 -14.636821
 209.000000 2.835081 73.660073 3.498028
 210.000000 2.164139 70.183255 0.021210
 211.000000 2.058626 69.012717 -1.149328
 212.000000 2.464239 72.908648 2.746603
 213.000000 2.328357 71.809263 1.647218
 214.000000 3.133532 70.517484 0.355439
 215.000000 2.034868 68.744934 -1.417111
 216.000000 0.515642 68.784292 -1.377754
 217.000000 -0.774670 67.782601 -2.379444
 218.000000 -0.838607 66.999267 -3.162778
 219.000000 -1.320507 59.051751 -11.110294
 220.000000 -2.508003 60.182216 -9.979829
 221.000000 1.725202 65.569072 -4.592973
 222.000000 2.067116 69.108258 -1.053787
 223.000000 1.859127 66.807030 -3.355015
 224.000000 0.864435 66.792388 -3.369657
 225.000000 0.026271 70.214205 0.052160
 226.000000 0.011611 70.274796 0.112751
 227.000000 -1.401114 57.945231 -12.216814
 228.000000 -1.408374 57.855484 -12.306561
 229.000000 2.701839 73.921085 3.759040
 230.000000 -2.109155 56.286249 -13.875796
 231.000000 2.908184 73.197849 3.035804
 232.000000 1.093003 65.566265 -4.595780
 233.000000 -3.119009 70.050304 -0.111741
 234.000000 2.734738 73.922597 3.760552
 235.000000 3.079109 71.299387 1.137342
 236.000000 1.922097 67.481602 -2.680443
 237.000000 1.849678 66.709366 -3.452679
 238.000000 -1.462255 57.243549 -12.918496
 239.000000 0.522441 68.758414 -1.403631
 240.000000 -0.389841 70.576231 0.414186
 241.000000 -1.251933 60.137015 -10.025030
 242.000000 -2.353370 58.291373 -11.870672
 243.000000 -0.184291 70.855991 0.693946
 244.000000 -0.222481 70.882762 0.720717
 245.000000 0.487847 68.883184 -1.278861
 246.000000 1.694609 65.339152 -4.822893
 247.000000 2.075426 69.201829 -0.960216
 248.000000 -2.290824 57.661970 -12.500075
 249.000000 1.652984 65.065129 -5.096916
 250.000000 2.137489 69.893190 -0.268855
 251.000000 1.059670 65.724433 -4.437612
 252.000000 1.275422 64.809139 -5.352906
 253.000000 -1.284090 59.613769 -10.548276
 254.000000 0.089413 69.956102 -0.205943
 255.000000 -0.133641 70.767687 0.605642
 256.000000 2.777578 73.862075 3.700030
 257.000000 -0.330348 70.764562 0.602517
 258.000000 -0.538745 69.811122 -0.350923
 259.000000 -0.131361 70.762374 0.600329
 260.000000 -1.660197 55.836631 -14.325414
 261.000000 -3.113484 69.964218 -0.197827
 262.000000 2.467330 72.929957 2.767912
 263.000000 3.113419 70.813931 0.651886
 264.000000 -2.905699 66.525742 -3.636303
 265.000000 2.545123 73.411874 3.249829
 266.000000 1.578582 64.704190 -5.457855
 267.000000 1.195687 65.111790 -5.050255
 268.000000 0.957022 66.251438 -3.910607
 269.000000 0.892515 66.620761 -3.541284
 270.000000 1.954255 67.838430 -2.323615
 271.000000 2.325410 71.782284 1.620239
 272.000000 -1.912013 55.573542 -14.588503
 273.000000 1.391964 64.523275 -5.638770
 274.000000 0.922182 66.444791 -3.717254
 275.000000 -0.591291 69.455155 -0.706890
 276.000000 -1.058251 63.537485 -6.624561
 277.000000 1.513675 64.527678 -5.634367
 278.000000 2.193416 70.494276 0.332231
 279.000000 2.586396 73.614504 3.452459
 280.000000 2.618545 73.742406 3.580361
 281.000000 -2.970065 67.616985 -2.545060
 282.000000 1.951512 67.807880 -2.354165
 283.000000 3.091124 71.132430 0.970385
 284.000000 -1.814951 55.508840 -14.653205
 285.000000 -0.765652 67.884223 -2.277822
 286.000000 0.508058 68.812277 -1.349768
 287.000000 -1.116229 62.507876 -7.654169
 288.000000 -1.368164 58.373125 -11.788920
 289.000000 -1.567982 56.331241 -13.830804
 290.000000 -0.255349 70.880457 0.718412
 291.000000 0.319751 69.292220 -0.869825
 292.000000 -0.672766 68.806702 -1.355343
 293.000000 2.880495 73.399725 3.237680
 294.000000 -2.279044 57.551946 -12.610099
 295.000000 -0.404672 70.518031 0.355986
 296.000000 -0.072993 70.593858 0.431813
 297.000000 -1.973257 55.708773 -14.453272
 298.000000 0.475593 68.923548 -1.238497
 299.000000 -0.262747 70.875879 0.713834
 300.000000 0.434209 69.043282 -1.118763
 301.000000 0.554381 68.626815 -1.535230
 302.000000 -2.950889 67.292998 -2.869047
 303.000000 -1.791854 55.522290 -14.639755
 304.000000 -0.482094 70.145451 -0.016594
 305.000000 -0.235226 70.884986 0.722941
 306.000000 1.826449 66.475049 -3.686996
 307.000000 0.403829 69.117606 -1.044439
 308.000000 -2.112296 56.304148 -13.857897
 309.000000 -1.086935 63.030340 -7.131705
 310.000000 -2.819061 65.047594 -5.114451
 311.000000 -0.275601 70.863790 0.701745
 312.000000 2.367195 72.153230 1.991185
 313.000000 2.676778 73.894288 3.732243
 314.000000 2.383451 72.290322 2.128277
 315.000000 1.343918 64.614800 -5.547245
 316.000000 2.249913 71.067023 0.904978
 317.000000 0.669029 68.025842 -2.136203
 318.000000 1.131707 65.388322 -4.773723
 319.000000 -0.244152 70.884308 0.722263
 320.000000 0.367254 69.196540 -0.965505
 321.000000 0.548695 68.651463 -1.510582
 322.000000 -0.297489 70.832814 0.670769
 323.000000 1.189918 65.135411 -5.026634
 324.000000 1.335688 64.634540 -5.527505
 325.000000 0.034874 70.178523 0.016478
 326.000000 -1.193574 61.135454 -9.026591
 327.000000 1.161785 65.253869 -4.908176
 328.000000 0.922464 66.443166 -3.718879
 329.000000 2.851431 73.576756 3.414711
 330.000000 -0.604876 69.354939 -0.807106
 331.000000 1.341328 64.620964 -5.541081
 332.000000 -2.214212 57.000493 -13.161552
 333.000000 1.951485 67.807578 -2.354467
 334.000000 2.776923 73.863564 3.701519
 335.000000 -0.123298 70.742726 0.580681
 336.000000 0.757939 67.466628 -2.695417
 337.000000 -0.425208 70.429244 0.267199
 338.000000 -0.683016 68.715645 -1.446400
 339.000000 1.401842 64.510443 -5.651602
 340.000000 -0.862736 66.673917 -3.488129
 341.000000 0.426561 69.062891 -1.099154
 342.000000 3.001562 72.286009 2.123964
 343.000000 2.683310 73.903528 3.741483
 344.000000 1.910954 67.359043 -2.803002
 345.000000 -1.978885 55.724880 -14.437165
 346.000000 -2.777852 64.356094 -5.805951
 347.000000 1.907399 67.320185 -2.841860
 348.000000 2.512805 73.226836 3.064791
 349.000000 -2.365903 58.426813 -11.735232
 350.000000 3.084881 71.219596 1.057551
 351.000000 1.137887 65.360180 -4.801865
 352.000000 2.434503 72.695538 2.533493
 353.000000 -2.188918 56.808807 -13.353238
 354.000000 2.097379 69.448738 -0.713307
 355.000000 -0.205832 70.875136 0.713091
 356.000000 -0.017069 70.390973 0.228928
 357.000000 2.755322 73.902761 3.740716
 358.000000 2.572544 73.550915 3.388870
 359.000000 2.286529 71.420551 1.258506
 360.000000 2.386854 72.318593 2.156548
 361.000000 2.040088 68.803819 -1.358226
 362.000000 2.096259 69.436171 -0.725874
 363.000000 1.641964 65.001146 -5.160899
 364.000000 0.805787 67.160227 -3.001818
 365.000000 2.930897 73.007459 2.845414
 366.000000 2.434612 72.696345 2.534300
 367.000000 0.583531 68.491961 -1.670084
 368.000000 -0.844909 66.915797 -3.246248
 369.000000 -0.814568 67.307185 -2.854860
 370.000000 -0.405006 70.516659 0.354614
 371.000000 0.030478 70.196760 0.034715
 372.000000 0.431884 69.049311 -1.112734
 373.000000 -1.147747 61.946171 -8.215874
 374.000000 2.767177 73.883612 3.721567
 375.000000 2.519076 73.264577 3.102532
 376.000000 2.087193 69.334312 -0.827733
 377.000000 1.618567 64.877384 -5.284661
 378.000000 1.759110 65.850713 -4.311332
 379.000000 -2.229842 57.125469 -13.036576
 380.000000 -0.341805 70.734625 0.572580
 381.000000 -2.095393 56.210070 -13.951975
 382.000000 -1.184608 61.293719 -8.868326
 383.000000 0.308906 69.315097 -0.846948
 384.000000 -0.993193 64.661351 -5.500694
 385.000000 -0.525977 69.890972 -0.271073
 386.000000 0.650130 68.135950 -2.026095
 387.000000 0.866418 66.780210 -3.381835
 388.000000 0.466184 68.953067 -1.208978
 389.000000 -1.370111 58.346913 -11.815132
 390.000000 -0.765193 67.889332 -2.272713
 391.000000 -3.114146 69.974569 -0.187476
 392.000000 -2.319021 57.936248 -12.225797
 393.000000 -2.883412 66.144632 -4.017413
 394.000000 0.247865 69.451643 -0.710402
 395.000000 -0.201691 70.872342 0.710297
 396.000000 -1.004222 64.475102 -5.686943
 397.000000 -1.228049 60.538126 -9.623919
 398.000000 0.717723 67.725493 -2.436552
 399.000000 1.786479 66.094252 -4.067793
 400.000000 0.015124 70.260320 0.098275
 401.000000 -1.106259 62.686015 -7.476030
 402.000000 -1.004074 64.477620 -5.684425
 403.000000 -0.078385 70.611400 0.449355
 404.000000 -0.428011 70.416510 0.254465
 405.000000 -2.647122 62.233545 -7.928500
 406.000000 0.780713 67.320307 -2.841738
 407.000000 0.080358 69.992065 -0.169980
 408.000000 2.232488 70.893195 0.731150
 409.000000 2.379814 72.259931 2.097886
 410.000000 1.727829 65.589967 -4.572078
 411.000000 2.717178 73.926452 3.764407
 412.000000 -1.609689 56.074989 -14.087056
 413.000000 -0.114806 70.720637 0.558592
 414.000000 0.433668 69.044690 -1.117355
 415.000000 -2.363729 58.403093 -11.758952
 416.000000 0.858279 66.830340 -3.331705
 417.000000 0.483257 68.898549 -1.263496
 418.000000 0.260621 69.421561 -0.740484
 419.000000 -0.612600 69.296551 -0.865494
 420.000000 -0.275706 70.863671 0.701626
 421.000000 0.946573 66.308136 -3.853909
 422.000000 0.994738 66.052025 -4.110020
 423.000000 2.052534 68.944111 -1.217934
 424.000000 1.400853 64.511637 -5.650408
 425.000000 -0.729385 68.269983 -1.892062
 426.000000 2.183533 70.390472 0.228427
 427.000000 -2.719321 63.388780 -6.773265
 428.000000 2.956606 72.766699 2.604654
 429.000000 0.531317 68.723513 -1.438532
 430.000000 -2.944865 67.190964 -2.971082
 431.000000 -2.497002 60.032122 -10.129923
 432.000000 -0.454217 70.291961 0.129916
 433.000000 0.054922 70.095546 -0.066499
 434.000000 1.072324 65.663629 -4.498416
 435.000000 -1.878573 55.530771 -14.631274
 436.000000 -0.928700 65.704193 -4.457852
 437.000000 -1.623351 56.003239 -14.158806
 438.000000 0.781690 67.314044 -2.848001
 439.000000 1.107059 65.501389 -4.660656
 440.000000 2.462791 72.898616 2.736571
 441.000000 2.544976 73.411083 3.249038
 442.000000 -2.917132 66.720077 -3.441968
 443.000000 -0.201423 70.872146 0.710101
 444.000000 -0.757565 67.973371 -2.188674
 445.000000 -0.055389 70.534478 0.372433
 446.000000 1.238531 64.942783 -5.219262
 447.000000 1.828980 66.500114 -3.661931
 448.000000 -2.949201 67.264420 -2.897625
 449.000000 -2.869736 65.909105 -4.252940
 450.000000 1.034139 65.850213 -4.311832
 451.000000 1.974227 68.061700 -2.100345
 452.000000 2.975223 72.576897 2.414852
 453.000000 1.817910 66.391351 -3.770694
 454.000000 2.490863 73.088211 2.926166
 455.000000 0.218335 69.526540 -0.635505
 456.000000 -0.269407 70.870248 0.708203
 457.000000 -1.594665 56.160705 -14.001340
 458.000000 3.013825 72.142445 1.980400
 459.000000 2.415204 72.547587 2.385542
 460.000000 -2.623312 61.863473 -8.298572
 461.000000 -0.365613 70.661820 0.499775
 462.000000 0.394961 69.137671 -1.024374
 463.000000 1.323970 64.663683 -5.498362
 464.000000 2.857944 73.540278 3.378233
 465.000000 3.140158 70.418069 0.256024
 466.000000 -2.656375 62.378938 -7.783107
 467.000000 2.739687 73.919363 3.757318
 468.000000 -1.913781 55.576348 -14.585697
 469.000000 2.345093 71.960493 1.798448
 470.000000 2.139378 69.913895 -0.248150
 471.000000 -0.408130 70.503693 0.341647
 472.000000 0.409666 69.104030 -1.058015
 473.000000 1.429412 64.485162 -5.676883
 474.000000 1.591197 64.753532 -5.408513
 475.000000 1.095788 65.553332 -4.608713
 476.000000 1.118724 65.447844 -4.714201
 477.000000 -1.287633 59.557727 -10.604318
 478.000000 -1.960982 55.675805 -14.486240
 479.000000 -2.095079 56.208372 -13.953673
 480.000000 -2.370761 58.480231 -11.681814
 481.000000 -1.891432 55.545041 -14.617004
 482.000000 -1.509511 56.788132 -13.373913
 483.000000 0.498935 68.844919 -1.317126
 484.000000 0.705301 67.804378 -2.357667
 485.000000 2.541392 73.391737 3.229692
 486.000000 1.963249 67.938804 -2.223241
 487.000000 -0.424082 70.434323 0.272278
 488.000000 -0.119175 70.732177 0.570132
 489.000000 -0.737000 68.191698 -1.970347
 490.000000 -1.110540 62.609501 -7.552544
 491.000000 1.990181 68.240923 -1.921122
 492.000000 -0.223040 70.882931 0.720886
 493.000000 -0.210845 70.877958 0.715913
 494.000000 -0.848630 66.866007 -3.296038
 495.000000 -0.610877 69.309658 -0.852387
 496.000000 -0.049269 70.512953 0.350908
 497.000000 2.573353 73.554762 3.392717
 498.000000 -3.045016 68.866473 -1.295572
 499.000000 -1.996115 55.778407 -14.383638
 500.000000 -1.140469 62.075588 -8.086457
 501.000000 -0.520587 69.923824 -0.238221
 502.000000 1.405153 64.506596 -5.655449
 503.000000 1.754874 65.814251 -4.347794
 504.000000 -2.961182 67.467024 -2.695021
 505.000000 1.774797 65.988511 -4.173534
 506.000000 0.690550 67.896185 -2.265860
 507.000000 0.888417 66.645652 -3.516394
 508.000000 0.466459 68.952222 -1.209823
 509.000000 0.824878 67.039280 -3.122765
 510.000000 0.632742 68.234116 -1.927929
 511.000000 0.739820 67.583351 -2.578694
 512.000000 0.048501 70.122052 -0.039993
 513.000000 1.122753 65.429338 -4.732707
 514.000000 -0.579240 69.541152 -0.620893
 515.000000 -2.113524 56.311198 -13.850847
 516.000000 -1.768637 55.547714 -14.614331
 517.000000 -2.477544 59.774037 -10.388008
 518.000000 -2.512793 60.248344 -9.913701
 519.000000 2.537113 73.368246 3.206201
 520.000000 1.513091 64.526690 -5.635355
 521.000000 0.585200 68.483803 -1.678242
 522.000000 0.608644 68.364628 -1.797417
 523.000000 0.887043 66.654012 -3.508033
 524.000000 1.581715 64.715985 -5.446060
 525.000000 0.962469 66.222216 -3.939829
 526.000000 0.549603 68.647561 -1.514484
 527.000000 0.404838 69.115281 -1.046764
 528.000000 0.692755 67.882624 -2.279421
 529.000000 0.902144 66.562710 -3.599335
 530.000000 0.525412 68.746876 -1.415169
 531.000000 0.851675 66.871272 -3.290773
 532.000000 0.235169 69.482993 -0.679052
 533.000000 0.802756 67.179497 -2.982548
 534.000000 0.748213 67.529243 -2.632802
 535.000000 0.963701 66.215632 -3.946413
 536.000000 0.563141 68.587801 -1.574244
 537.000000 0.942313 66.331529 -3.830516
 538.000000 -1.221107 60.656263 -9.505782
 539.000000 -1.651562 55.872558 -14.289487
 540.000000 -2.516846 60.304619 -9.857426
 541.000000 -1.586453 56.210682 -13.951363
 542.000000 -2.480134 59.807924 -10.354121
 543.000000 -2.439531 59.288184 -10.873861
 544.000000 -1.763542 55.554965 -14.607080
 545.000000 -2.214197 57.000369 -13.161676
 546.000000 -2.824791 65.144374 -5.017671
 547.000000 0.536103 68.704162 -1.457883
 548.000000 1.115783 65.461355 -4.700690
 549.000000 -0.155140 70.812342 0.650297
 550.000000 0.080393 69.991926 -0.170119
 551.000000 1.208738 65.059115 -5.102930
 552.000000 0.237183 69.477929 -0.684116
 553.000000 -2.243729 57.240389 -12.921656
 554.000000 -1.813412 55.509384 -14.652661
 555.000000 -2.207978 56.951998 -13.210047
 556.000000 1.001891 66.014811 -4.147234
 557.000000 -0.103230 70.688298 0.526253
 558.000000 0.707697 67.789254 -2.372791
 559.000000 0.727506 67.662730 -2.499315
 560.000000 0.206989 69.557057 -0.604988
 561.000000 1.078185 65.635791 -4.526254
 562.000000 0.257072 69.429782 -0.732263
 563.000000 1.037794 65.831937 -4.330108
 564.000000 -2.687212 62.868771 -7.293274
 565.000000 -0.103994 70.690508 0.528463
 566.000000 1.391651 64.523716 -5.638329
 567.000000 1.273682 64.815130 -5.346915
 568.000000 0.846044 66.906341 -3.255704
 569.000000 0.199863 69.576850 -0.585195
 570.000000 0.858717 66.827627 -3.334418
 571.000000 0.447614 69.007259 -1.154786
 572.000000 0.222435 69.515739 -0.646307
 573.000000 0.739072 67.588173 -2.573872
 574.000000 0.638342 68.202833 -1.959212
 575.000000 0.276067 69.386966 -0.775079
 576.000000 0.768418 67.399232 -2.762813
 577.000000 0.298350 69.337883 -0.824162
 578.000000 1.304813 64.715427 -5.446618
 579.000000 -0.983875 64.816664 -5.345381
 580.000000 0.045795 70.133244 -0.028801
 581.000000 -0.454609 70.290012 0.127967
 582.000000 -2.028470 55.896662 -14.265383
 583.000000 3.064084 71.503803 1.341758
 584.000000 -2.820762 65.076324 -5.085721
 585.000000 2.915879 73.135846 2.973801
 586.000000 -2.690213 62.916952 -7.245093
 587.000000 -2.945002 67.193287 -2.968758
 588.000000 1.763222 65.886397 -4.275648
 589.000000 2.113814 69.632249 -0.529796
 590.000000 1.803108 66.249227 -3.912818
 591.000000 2.391077 72.353464 2.191419
 592.000000 2.567207 73.525164 3.363119
 593.000000 2.905682 73.217433 3.055388
 594.000000 -2.490635 59.946574 -10.215471
 595.000000 1.198553 65.100131 -5.061914
 596.000000 1.864837 66.866557 -3.295488
 597.000000 -0.364293 70.666187 0.504142
 598.000000 -1.246389 60.229394 -9.932651
 599.000000 2.280363 71.362080 1.200035
 600.000000 2.807447 73.774820 3.612775
 601.000000 -3.100816 69.765120 -0.396925
 602.000000 -1.797231 55.518133 -14.643912
 603.000000 2.884873 73.369931 3.207886
 604.000000 3.139995 70.420523 0.258478
 605.000000 2.486565 73.059917 2.897872
 606.000000 3.137402 70.459522 0.297477
 607.000000 2.039895 68.801646 -1.360399
 608.000000 1.781050 66.044780 -4.117265
 609.000000 2.813745 73.751541 3.589496
 610.000000 2.697295 73.917931 3.755886
 611.000000 2.552531 73.451026 3.288981
 612.000000 2.299198 71.539551 1.377506
 613.000000 2.084166 69.300249 -0.861796
 614.000000 1.488180 64.494199 -5.667846
 615.000000 2.687916 73.909069 3.747024
 616.000000 1.242770 64.926770 -5.235275
 617.000000 2.196451 70.525878 0.363833
 618.000000 -3.051903 68.979109 -1.182936
 619.000000 2.857090 73.545167 3.383122
 620.000000 2.248172 71.049785 0.887740
 621.000000 1.727735 65.589217 -4.572828
 622.000000 -0.644262 69.047414 -1.114631
 623.000000 -0.467214 70.225527 0.063482
 624.000000 -0.721392 68.350682 -1.811363
 625.000000 -0.201260 70.872027 0.709982
 626.000000 -0.886868 66.332630 -3.829415
 627.000000 -0.601506 69.380103 -0.781942
 628.000000 -1.463084 57.234948 -12.927097
 629.000000 2.540229 73.385392 3.223347
 630.000000 2.758845 73.897665 3.735620
 631.000000 2.887781 73.349694 3.187649
 632.000000 -2.606527 61.607220 -8.554825
 633.000000 1.770572 65.950926 -4.211119
 634.000000 2.821553 73.720320 3.558275
 635.000000 2.715170 73.926201 3.764156
 636.000000 2.757790 73.899244 3.737199
 637.000000 3.082181 71.257007 1.094962
 638.000000 2.705447 73.923071 3.761026
 639.000000 -2.719217 63.387085 -6.774960
 640.000000 3.085503 71.210951 1.048906
 641.000000 -2.512763 60.247930 -9.914115
 642.000000 -0.988074 64.746897 -5.415148
 643.000000 0.807435 67.149755 -3.012290
 644.000000 2.688696 73.909930 3.747884
 645.000000 2.363646 72.122889 1.960844
 646.000000 1.905162 67.295792 -2.866253
 647.000000 -2.219889 57.045330 -13.116715
 648.000000 2.712440 73.925645 3.763600
 649.000000 2.452331 72.825192 2.663147
 650.000000 1.732144 65.624666 -4.537379
 651.000000 -0.978621 64.903581 -5.258464
 652.000000 -1.103915 62.727881 -7.434164
 653.000000 -0.019967 70.402437 0.240392
 654.000000 2.792393 73.823580 3.661535
 655.000000 2.023088 68.612024 -1.550021
 656.000000 -2.720372 63.405964 -6.756081
 657.000000 -0.251889 70.882027 0.719982
 658.000000 -0.010554 70.364987 0.202942
 659.000000 -0.311945 70.805818 0.643773
 660.000000 -0.034617 70.459228 0.297183
 661.000000 -0.319913 70.788869 0.626824
 662.000000 -0.378539 70.617355 0.455310
 663.000000 -1.411444 57.818017 -12.344028
 664.000000 -1.289340 59.530835 -10.631210
 665.000000 -0.514065 69.962866 -0.199179
 666.000000 -0.400221 70.536076 0.374031
 667.000000 -0.624116 69.207767 -0.954278
 668.000000 -0.780629 67.714217 -2.447828
 669.000000 -0.000266 70.323413 0.161368
 670.000000 -1.115281 62.524811 -7.637234
 671.000000 3.031939 71.921546 1.759501
 672.000000 2.402959 72.450193 2.288148
 673.000000 0.050554 70.113567 -0.048478
 674.000000 -0.572297 69.589350 -0.572695
 675.000000 -3.061998 69.143407 -1.018638
 676.000000 3.048068 71.715680 1.553635
 677.000000 -0.069714 70.583055 0.421010
 678.000000 -0.425173 70.429405 0.267360
 679.000000 -0.144796 70.792113 0.630068
 680.000000 -1.200983 61.005226 -9.156819
 681.000000 -2.053238 56.001589 -14.160456
 682.000000 1.893199 67.166428 -2.995617
 683.000000 2.133907 69.853884 -0.308161
 684.000000 2.759521 73.896631 3.734586
 685.000000 -2.991058 67.970880 -2.191165
 686.000000 2.016677 68.539666 -1.622379
 687.000000 -0.139309 70.780428 0.618383
 688.000000 -0.882117 66.401181 -3.760864
 689.000000 -0.162153 70.824665 0.662620
 690.000000 0.456721 68.981380 -1.180665
 691.000000 -0.697650 68.581025 -1.581020
 692.000000 -0.180313 70.851221 0.689176
 693.000000 -0.732544 68.237680 -1.924365
 694.000000 1.580449 64.711185 -5.450860
 695.000000 1.974511 68.064881 -2.097164
 696.000000 -0.197954 70.869455 0.707410
 697.000000 -2.346174 58.215035 -11.947010
 698.000000 3.020013 72.068190 1.906145
 699.000000 2.391542 72.357288 2.195243
 700.000000 2.337792 71.894981 1.732936
 701.000000 2.163071 70.171740 0.009695
 702.000000 2.169439 70.240275 0.078230
 703.000000 2.284814 71.404328 1.242283
 704.000000 3.106973 70.907136 0.745091
 705.000000 -3.141095 70.388910 0.226865
 706.000000 2.634667 73.795824 3.633779
 707.000000 1.679835 65.236489 -4.925556
 708.000000 1.603988 64.808570 -5.353475
 709.000000 2.142727 69.950553 -0.211492
 710.000000 2.673975 73.889818 3.727773
 711.000000 2.202805 70.591639 0.429594
 712.000000 2.277659 71.336325 1.174280
 713.000000 2.387527 72.324164 2.162119
 714.000000 -0.089922 70.648106 0.486061
 715.000000 1.891311 67.146196 -3.015849
 716.000000 1.968660 67.999331 -2.162714
 717.000000 2.342834 71.940305 1.778260
 718.000000 -0.099412 70.677091 0.515046
 719.000000 -0.425277 70.428933 0.266888
 720.000000 0.657787 68.091765 -2.070280
 721.000000 -0.424613 70.431933 0.269888
 722.000000 0.460023 68.971662 -1.190383
 723.000000 3.133334 70.520451 0.358406
 724.000000 2.556537 73.471726 3.309681
 725.000000 0.952717 66.274687 -3.887358
 726.000000 -2.381839 58.604020 -11.558025
 727.000000 -1.455049 57.319423 -12.842622
 728.000000 -1.112568 62.573269 -7.588776
 729.000000 -0.346241 70.722080 0.560035
 730.000000 1.854237 66.756345 -3.405700
 731.000000 2.961232 72.720774 2.558729
 732.000000 1.990667 68.246387 -1.915658
 733.000000 1.957710 67.876954 -2.285091
 734.000000 -0.551703 69.727391 -0.434654
 735.000000 -0.755430 67.996578 -2.165467
 736.000000 0.514066 68.790181 -1.371864
 737.000000 0.118932 69.842764 -0.319281
 738.000000 0.216254 69.532068 -0.629977
 739.000000 -0.431096 70.402350 0.240305
 740.000000 -0.976162 64.944115 -5.217930
 741.000000 -0.879114 66.444170 -3.717875
 742.000000 -2.419842 59.047532 -11.114513
 743.000000 -1.068889 63.350002 -6.812043
 744.000000 -2.854981 65.655749 -4.506296
 745.000000 -2.949498 67.269449 -2.892596
 746.000000 2.251114 71.078879 0.916834
 747.000000 -3.097616 69.714480 -0.447565
 748.000000 2.286824 71.423339 1.261294
 749.000000 3.074385 71.364176 1.202131
 750.000000 -2.674050 62.658579 -7.503466
 751.000000 -2.741966 63.760954 -6.401091
 752.000000 -0.192899 70.865005 0.702960
 753.000000 1.021098 65.916089 -4.245956
 754.000000 0.024247 70.222591 0.060546
 755.000000 -1.760542 55.559507 -14.602538
 756.000000 1.242682 64.927101 -5.234944
 757.000000 0.616223 68.324387 -1.837658
 758.000000 0.542326 68.678442 -1.483603
 759.000000 0.793627 67.237686 -2.924359
 760.000000 1.538372 64.579577 -5.582468
 761.000000 -0.358112 70.686146 0.524101
 762.000000 0.226596 69.504901 -0.657144
 763.000000 -0.764873 67.892898 -2.269147
 764.000000 -0.856412 66.760682 -3.401363
 765.000000 -0.393883 70.560931 0.398886
 766.000000 -0.429806 70.408291 0.246246
 767.000000 -0.293725 70.839014 0.676969
 768.000000 0.237380 69.477437 -0.684608
 769.000000 2.353515 72.035013 1.872967
 770.000000 1.643388 65.009204 -5.152841
 771.000000 -0.793502 67.563274 -2.598771
 772.000000 -1.415112 57.773631 -12.388414
 773.000000 -0.192006 70.864153 0.702108
 774.000000 -0.240308 70.884844 0.722799
 775.000000 0.926513 66.419982 -3.742063
 776.000000 2.723247 73.926409 3.764363
 777.000000 -3.103541 69.808132 -0.353913
 778.000000 -2.915331 66.689464 -3.472581
 779.000000 3.052899 71.652503 1.490458
 780.000000 2.780391 73.855482 3.693437
 781.000000 1.515000 64.529963 -5.632082
 782.000000 0.896747 66.595159 -3.566886
 783.000000 -3.013511 68.346667 -1.815378
 784.000000 2.577980 73.576442 3.414397
 785.000000 -3.026045 68.554353 -1.607692
 786.000000 1.310641 64.699021 -5.463024
 787.000000 -0.497261 70.060322 -0.101723
 788.000000 0.263538 69.414896 -0.747149
 789.000000 1.390613 64.525189 -5.636856
 790.000000 1.897564 67.213409 -2.948636
 791.000000 -1.503691 56.840250 -13.321795
 792.000000 -2.222584 57.066842 -13.095203
 793.000000 2.071483 69.157420 -1.004625
 794.000000 0.540079 68.687802 -1.474243
 795.000000 -0.209249 70.877121 0.715076
 796.000000 -2.217794 57.028708 -13.133337
 797.000000 -1.287621 59.557915 -10.604130
 798.000000 -2.836474 65.341781 -4.820264
 799.000000 -1.968026 55.694372 -14.467673
 800.000000 -2.350815 58.264149 -11.897896
 801.000000 -2.071068 56.085005 -14.077040
 802.000000 1.606388 64.819455 -5.342590
 803.000000 1.212297 65.044933 -5.117112
 804.000000 0.397685 69.131577 -1.030468
 805.000000 0.830584 67.003293 -3.158752
 806.000000 1.615531 64.862527 -5.299518
 807.000000 0.953546 66.270198 -3.891847
 808.000000 1.167049 65.231232 -4.930813
 809.000000 0.753222 67.496987 -2.665058
 810.000000 0.235524 69.482097 -0.679948
 811.000000 -2.094318 56.204277 -13.957768
 812.000000 -1.549585 56.462498 -13.699547
 813.000000 -2.455355 59.487493 -10.674552
 814.000000 -1.874105 55.526504 -14.635541
 815.000000 -1.719267 55.642839 -14.519206
 816.000000 -2.371064 58.483582 -11.678463
 817.000000 -2.047150 55.974633 -14.187412
 818.000000 -1.514715 56.742565 -13.419480
 819.000000 -1.082749 63.104670 -7.057375
 820.000000 -2.474671 59.736545 -10.425500
 821.000000 -2.630320 61.971686 -8.190359
 822.000000 -1.736334 55.603612 -14.558433
 823.000000 -2.008457 55.820955 -14.341090
 824.000000 -2.121340 56.356724 -13.805321
 825.000000 -2.443458 59.337193 -10.824852
 826.000000 -2.136239 56.447432 -13.714613
 827.000000 -3.101176 69.770805 -0.391240
 828.000000 -1.958097 55.668462 -14.493583
 829.000000 -0.717851 68.385947 -1.776098
 830.000000 -2.596198 61.451663 -8.710382
 831.000000 2.743375 73.916324 3.754279
 832.000000 -1.961187 55.676331 -14.485714
 833.000000 -2.640353 62.127675 -8.034370
 834.000000 -2.210300 56.969965 -13.192080
 835.000000 -2.372441 58.498831 -11.663215
 836.000000 3.140382 70.414680 0.252635
 837.000000 -1.572772 56.298900 -13.863145
 838.000000 -1.655464 55.856108 -14.305937
 839.000000 -0.794373 67.552910 -2.609135
 840.000000 -0.938653 65.548741 -4.613304
 841.000000 2.411712 72.520062 2.358017
 842.000000 1.574587 64.689591 -5.472454
 843.000000 2.146692 69.993880 -0.168165
 844.000000 2.103833 69.521008 -0.641037
 845.000000 2.345199 71.961439 1.799394
 846.000000 2.910562 73.178970 3.016924
 847.000000 1.625604 64.912893 -5.249152
 848.000000 2.699213 73.919351 3.757306
 849.000000 -2.791932 64.591106 -5.570939
 850.000000 1.706953 65.428933 -4.733112
 851.000000 2.846079 73.605325 3.443280
 852.000000 -2.457299 59.512290 -10.649755
 853.000000 -0.208885 70.876924 0.714879
 854.000000 -0.652933 68.976013 -1.186032
 855.000000 -0.770063 67.834808 -2.327237
 856.000000 0.168186 69.671836 -0.490209
 857.000000 -0.511515 69.977909 -0.184136
 858.000000 0.475708 68.923179 -1.238866
 859.000000 -1.088880 62.995768 -7.166277
 860.000000 1.606318 64.819137 -5.342908
 861.000000 2.381331 72.272625 2.110580
 862.000000 1.879193 67.017523 -3.144522
 863.000000 -0.362592 70.671758 0.509713
 864.000000 -1.240945 60.320584 -9.841461
 865.000000 0.021565 70.233701 0.071656
 866.000000 1.478765 64.486523 -5.675522
 867.000000 3.058767 71.574895 1.412850
 868.000000 2.513828 73.233046 3.071001
 869.000000 -2.847120 65.521789 -4.640256
 870.000000 2.955674 72.775855 2.613810
 871.000000 2.765150 73.887291 3.725246
 872.000000 2.170478 70.251421 0.089376
 873.000000 2.960991 72.723193 2.561148
 874.000000 2.624004 73.761351 3.599306
 875.000000 2.693592 73.914815 3.752770
 876.000000 2.555480 73.466299 3.304254
 877.000000 1.005354 65.996878 -4.165167
 878.000000 -0.863759 66.659783 -3.502262
 879.000000 -0.964165 65.140423 -5.021622
 880.000000 0.137988 69.773472 -0.388573
 881.000000 0.805666 67.160992 -3.001053
 882.000000 0.120822 69.835738 -0.326307
 883.000000 -0.565110 69.638204 -0.523841
 884.000000 -0.347454 70.718564 0.556519
 885.000000 -0.684289 68.704159 -1.457886
 886.000000 0.019426 70.242549 0.080504
 887.000000 2.395538 72.390024 2.227979
 888.000000 1.754557 65.811539 -4.350506
 889.000000 -3.025704 68.548723 -1.613322
 890.000000 -3.001585 68.147562 -2.014483
 891.000000 2.739224 73.919706 3.757661
 892.000000 -2.909453 66.589546 -3.572499
 893.000000 2.705413 73.923055 3.761010
 894.000000 -0.455260 70.286765 0.124720
 895.000000 -0.152051 70.806554 0.644509
 896.000000 -0.495502 70.070348 -0.091697
 897.000000 1.326554 64.657124 -5.504921
 898.000000 1.619641 64.882708 -5.279337
 899.000000 1.918817 67.445422 -2.716623
 900.000000 1.818228 66.394446 -3.767599
 901.000000 0.482058 68.902516 -1.259529
 902.000000 -0.394189 70.559755 0.397710
 903.000000 0.032025 70.190343 0.028298
 904.000000 1.462959 64.478766 -5.683279
 905.000000 1.340401 64.623180 -5.538865
 906.000000 -0.725260 68.311829 -1.850216
 907.000000 -0.516865 69.946199 -0.215846
 908.000000 -0.605719 69.348614 -0.813431
 909.000000 -0.123327 70.742799 0.580754
 910.000000 -0.139820 70.781545 0.619500
 911.000000 0.506790 68.816876 -1.345169
 912.000000 2.330783 71.831403 1.669358
 913.000000 -3.095887 69.687078 -0.474967
 914.000000 -3.024044 68.521286 -1.640759
 915.000000 1.167379 65.229822 -4.932223
 916.000000 1.454744 64.477474 -5.684571
 917.000000 0.085672 69.970890 -0.191155
 918.000000 -1.301121 59.346963 -10.815082
 919.000000 -1.213954 60.779325 -9.382721
 920.000000 0.022026 70.231791 0.069746
 921.000000 -0.010224 70.363663 0.201618
 922.000000 1.990032 68.239241 -1.922804
 923.000000 3.131156 70.552931 0.390886
 924.000000 1.327211 64.655472 -5.506573
 925.000000 -0.518176 69.938350 -0.223695
 926.000000 0.069099 70.037497 -0.124548
 927.000000 -3.070759 69.285163 -0.876882
 928.000000 2.485935 73.055734 2.893689
 929.000000 1.262989 64.852664 -5.309381
 930.000000 2.566637 73.522375 3.360330
 931.000000 1.770355 65.949008 -4.213037
 932.000000 -3.037456 68.742402 -1.419643
 933.000000 -0.622884 69.217359 -0.944686
 934.000000 -0.665891 68.866383 -1.295662
 935.000000 -0.585077 69.499856 -0.662189
 936.000000 -1.237541 60.377814 -9.784231
 937.000000 -1.022736 64.157516 -6.004529
 938.000000 0.969439 66.185089 -3.976956
 939.000000 -1.174774 61.467690 -8.694355
 940.000000 0.517117 68.778742 -1.383303
 941.000000 2.089458 69.359781 -0.802264
 942.000000 -2.677868 62.719369 -7.442677
 943.000000 -3.136224 70.315064 0.153019
 944.000000 -1.097401 62.844097 -7.317948
 945.000000 1.250007 64.899798 -5.262247
 946.000000 -0.378383 70.617910 0.455865
 947.000000 -1.499452 56.878967 -13.283078
 948.000000 -0.641659 69.068547 -1.093498
 949.000000 2.158992 70.127634 -0.034411
 950.000000 -0.967227 65.090559 -5.071486
 951.000000 -0.082429 70.624385 0.462340
 952.000000 2.340589 71.920168 1.758123
 953.000000 -2.827086 65.183140 -4.978905
 954.000000 2.193580 70.495990 0.333945
 955.000000 -0.584160 69.506390 -0.655655
 956.000000 -1.145891 61.979150 -8.182895
 957.000000 -0.948347 65.395174 -4.766871
 958.000000 2.368260 72.162311 2.000266
 959.000000 0.417661 69.084920 -1.077125
 960.000000 -1.082104 63.116108 -7.045937
 961.000000 -0.275235 70.864200 0.702155
 962.000000 -0.520923 69.921790 -0.240256
 963.000000 1.829790 66.508160 -3.653885
 964.000000 1.444350 64.478597 -5.683448
 965.000000 -2.858838 65.721798 -4.440247
 966.000000 -3.095017 69.673268 -0.488777
 967.000000 1.339951 64.624257 -5.537788
 968.000000 0.748233 67.529111 -2.632934
 969.000000 2.074941 69.196362 -0.965683
 970.000000 -2.893394 66.316028 -3.846017
 971.000000 -3.057683 69.073292 -1.088753
 972.000000 2.824666 73.707150 3.545105
 973.000000 -2.361978 58.384057 -11.777988
 974.000000 1.824892 66.459697 -3.702348
 975.000000 2.426612 72.636015 2.473970
 976.000000 2.572092 73.548765 3.386720
 977.000000 2.341324 71.926771 1.764726
 978.000000 2.036365 68.761822 -1.400223
 979.000000 0.281635 69.374630 -0.787415
 980.000000 1.609565 64.834135 -5.327910
 981.000000 -1.178897 61.394749 -8.767296
 982.000000 -0.518306 69.937569 -0.224476
 983.000000 -0.176582 70.846403 0.684358
 984.000000 0.067561 70.043753 -0.118292
 985.000000 1.061394 65.716091 -4.445954
 986.000000 2.768022 73.882029 3.719984
 987.000000 0.999547 66.026983 -4.135062
 988.000000 -1.423375 57.675222 -12.486823
 989.000000 -0.198981 70.870283 0.708238
 990.000000 0.630298 68.247674 -1.914371
 991.000000 -0.542703 69.785824 -0.376221
 992.000000 -0.940519 65.519346 -4.642699
 993.000000 2.156192 70.097285 -0.064760
 994.000000 0.777453 67.341214 -2.820831
 995.000000 -1.334143 58.850321 -11.311724
 996.000000 -0.820824 67.228696 -2.933349
 997.000000 -2.092126 56.192540 -13.969505
 998.000000 -0.889623 66.292598 -3.869447
 999.000000 -0.547168 69.756988 -0.405057
 1000.000000 0.315470 69.301175 -0.860870
 1001.000000 -0.541070 69.796289 -0.365756
 1002.000000 0.446275 69.010955 -1.151090
 1003.000000 2.536168 73.362997 3.200952
 1004.000000 2.436396 72.709608 2.547563
 1005.000000 2.491493 73.092334 2.930289
 1006.000000 2.366625 72.148370 1.986325
 1007.000000 2.291714 71.469427 1.307382
 1008.000000 0.390838 69.146784 -1.015261
 1009.000000 0.434773 69.041808 -1.120237
 1010.000000 2.597554 73.662071 3.500026
 1011.000000 2.821112 73.722156 3.560111
 1012.000000 -2.766024 64.159363 -6.002682
 1013.000000 -0.859859 66.713519 -3.448526
 1014.000000 -0.272984 70.866647 0.704602
 1015.000000 0.040683 70.154428 -0.007617
 1016.000000 -2.761958 64.091858 -6.070187
 1017.000000 2.705255 73.922977 3.760932
 1018.000000 1.915759 67.411773 -2.750272
 1019.000000 2.109241 69.581372 -0.580673
 1020.000000 3.022980 72.032175 1.870130
 1021.000000 -1.040414 63.850122 -6.311923
 1022.000000 -2.113966 56.313747 -13.848298
 1023.000000 2.592521 73.641033 3.478988
 1024.000000 -2.961348 67.469824 -2.692221
 1025.000000 2.375033 72.219733 2.057688
 1026.000000 -0.193299 70.865379 0.703334
 1027.000000 0.956873 66.252242 -3.909803
 1028.000000 0.039875 70.157775 -0.004270
 1029.000000 1.677938 65.223713 -4.938332
 1030.000000 0.375073 69.180436 -0.981609
 1031.000000 0.445311 69.013605 -1.148440
 1032.000000 1.106926 65.501996 -4.660049
 1033.000000 -0.449140 70.316884 0.154839
 1034.000000 1.044703 65.797637 -4.364408
 1035.000000 -3.043969 68.849327 -1.312718
 1036.000000 -1.381996 58.189405 -11.972640
 1037.000000 -0.469722 70.212308 0.050263
 1038.000000 -0.629674 69.164237 -0.997808
 1039.000000 -0.695188 68.604082 -1.557963
 1040.000000 -0.245147 70.884106 0.722061
 1041.000000 -2.337431 58.123675 -12.038370
 1042.000000 1.781705 66.050718 -4.111327
 1043.000000 2.892103 73.318971 3.156926
 1044.000000 2.136252 69.879619 -0.282426
 1045.000000 2.738006 73.920570 3.758525
 1046.000000 2.131577 69.828289 -0.333756
 1047.000000 -2.645381 62.206267 -7.955778
 1048.000000 -2.222325 57.064767 -13.097278
 1049.000000 2.151278 70.043879 -0.118166
 1050.000000 -2.866767 65.858003 -4.304042
 1051.000000 -2.976488 67.725388 -2.436657
 1052.000000 -1.238941 60.354255 -9.807790
 1053.000000 -0.376418 70.624856 0.462811
 1054.000000 0.799492 67.200275 -2.961770
 1055.000000 0.807314 67.150523 -3.011522
 1056.000000 -2.847346 65.525633 -4.636412
 1057.000000 -2.192436 56.834643 -13.327402
 1058.000000 -2.888178 66.226574 -3.935471
 1059.000000 2.398903 72.417410 2.255365
 1060.000000 0.115461 69.855748 -0.306297
 1061.000000 0.116939 69.850207 -0.311838
 1062.000000 0.122628 69.829054 -0.332991
 1063.000000 2.636470 73.801307 3.639262
 1064.000000 2.580477 73.587922 3.425877
 1065.000000 -3.026178 68.556549 -1.605496
 1066.000000 2.970079 72.630699 2.468654
 1067.000000 2.898165 73.274584 3.112539
 1068.000000 2.957945 72.753489 2.591444
 1069.000000 0.901867 66.564371 -3.597674
 1070.000000 2.013011 68.498294 -1.663751
 1071.000000 2.257044 71.137160 0.975115
 1072.000000 2.627092 73.771688 3.609643
 1073.000000 2.898537 73.271814 3.109769
 1074.000000 2.952942 72.802529 2.640484
 1075.000000 -0.572342 69.589041 -0.573004
 1076.000000 0.537511 68.698397 -1.463648
 1077.000000 -2.153685 56.561251 -13.600794
 1078.000000 -2.978512 67.759524 -2.402521
 1079.000000 0.904729 66.547255 -3.614790
 1080.000000 0.713971 67.749437 -2.412608
 1081.000000 2.562753 73.503169 3.341124
 1082.000000 -2.906155 66.533484 -3.628561
 1083.000000 2.756832 73.900638 3.738593
 1084.000000 1.429111 64.485350 -5.676695
 1085.000000 -0.165827 70.830665 0.668620
 1086.000000 -0.587551 69.482149 -0.679896
 1087.000000 -1.274248 59.771269 -10.390776
 1088.000000 -1.377377 58.250100 -11.911945
 1089.000000 0.529393 68.731187 -1.430858
 1090.000000 0.293127 69.349299 -0.812746
 1091.000000 0.988985 66.082099 -4.079946
 1092.000000 2.187335 70.430574 0.268529
 1093.000000 1.806101 66.277656 -3.884389
 1094.000000 0.449013 69.003370 -1.158675
 1095.000000 1.654634 65.075037 -5.087008
 1096.000000 2.166067 70.204027 0.041982
 1097.000000 1.980233 68.129090 -2.032955
 1098.000000 2.724687 73.926212 3.764167
 1099.000000 -3.080506 69.441856 -0.720189
 1100.000000 2.393590 72.374087 2.212042
 1101.000000 2.634948 73.796686 3.634641
 1102.000000 -2.771633 64.252605 -5.909440
 1103.000000 -0.694749 68.608171 -1.553874
 1104.000000 -0.899809 66.142785 -4.019260
 1105.000000 -2.658937 62.419305 -7.742740
 1106.000000 1.833450 66.544677 -3.617368
 1107.000000 -2.455151 59.484893 -10.677152
 1108.000000 1.662338 65.122429 -5.039616
 1109.000000 -0.672141 68.812172 -1.349873
 1110.000000 -0.002857 70.333941 0.171896
 1111.000000 0.175109 69.650079 -0.511966
 1112.000000 -0.413858 70.479370 0.317325
 1113.000000 -2.176701 56.720906 -13.441139
 1114.000000 -1.107652 62.661117 -7.500928
 1115.000000 0.615174 68.330006 -1.832039
 1116.000000 1.964033 67.947570 -2.214475
 1117.000000 -2.490155 59.940178 -10.221867
 1118.000000 2.257250 71.139176 0.977131
 1119.000000 1.729519 65.603508 -4.558537
 1120.000000 2.160287 70.141654 -0.020391
 1121.000000 0.724671 67.680958 -2.481087
 1122.000000 0.957900 66.246715 -3.915330
 1123.000000 2.518241 73.259599 3.097554
 1124.000000 -0.340498 70.738223 0.576178
 1125.000000 2.059452 69.022013 -1.140032
 1126.000000 0.825145 67.037589 -3.124456
 1127.000000 0.949842 66.290299 -3.871746
 1128.000000 1.240336 64.935945 -5.226100
 1129.000000 -3.121768 70.093101 -0.068944
 1130.000000 -0.181495 70.852678 0.690633
 1131.000000 1.763039 65.884802 -4.277243
 1132.000000 0.419638 69.080097 -1.081948
 1133.000000 2.831907 73.674906 3.512861
 1134.000000 -2.793192 64.612214 -5.549831
 1135.000000 2.288654 71.440608 1.278563
 1136.000000 2.880611 73.398949 3.236904
 1137.000000 -3.064862 69.189831 -0.972214
 1138.000000 1.073764 65.656772 -4.505273
 1139.000000 2.137954 69.898286 -0.263759
 1140.000000 1.336460 64.632666 -5.529379
 1141.000000 2.816340 73.741456 3.579411
 1142.000000 2.647087 73.831448 3.669403
 1143.000000 -0.805406 67.419970 -2.742075
 1144.000000 2.974517 72.584341 2.422296
 1145.000000 -2.574928 61.134853 -9.027192
 1146.000000 1.781332 66.047337 -4.114708
 1147.000000 3.031961 71.921278 1.759233
 1148.000000 1.670648 65.175521 -4.986524
 1149.000000 0.313994 69.304286 -0.857759
 1150.000000 0.297200 69.340388 -0.821657
 1151.000000 1.029078 65.875653 -4.286392
 1152.000000 2.167360 70.217943 0.055898
 1153.000000 -0.479477 70.159808 -0.002237
 1154.000000 -1.271744 59.811757 -10.350288
 1155.000000 0.031426 70.192826 0.030781
 1156.000000 -0.415911 70.470487 0.308442
 1157.000000 0.269008 69.402614 -0.759431
 1158.000000 2.874137 73.441557 3.279512
 1159.000000 2.103737 69.519925 -0.642120
 1160.000000 2.873468 73.445861 3.283816
 1161.000000 2.861702 73.518381 3.356336
 1162.000000 1.570909 64.676583 -5.485462
 1163.000000 3.062527 71.524692 1.362647
 1164.000000 -2.779518 64.383841 -5.778204
 1165.000000 2.389614 72.341407 2.179362
 1166.000000 -0.195208 70.867115 0.705070
 1167.000000 -2.694515 62.986153 -7.175892
 1168.000000 1.742523 65.709889 -4.452156
 1169.000000 -3.096122 69.690808 -0.471237
 1170.000000 1.935928 67.634747 -2.527298
 1171.000000 1.965738 67.966636 -2.195409
 1172.000000 -2.287784 57.633308 -12.528737
 1173.000000 -0.643549 69.053211 -1.108834
 1174.000000 -2.104286 56.258867 -13.903178
 1175.000000 -0.679160 68.750199 -1.411846
 1176.000000 0.033256 70.185236 0.023191
 1177.000000 1.159556 65.263559 -4.898486
 1178.000000 -0.650555 68.995746 -1.166299
 1179.000000 -2.669845 62.591774 -7.570271
 1180.000000 2.192927 70.489176 0.327131
 1181.000000 1.278317 64.799247 -5.362799
 1182.000000 2.827069 73.696698 3.534653
 1183.000000 2.089078 69.355514 -0.806531
 1184.000000 -2.828611 65.208910 -4.953135
 1185.000000 2.666424 73.876234 3.714189
 1186.000000 2.162498 70.165546 0.003501
 1187.000000 2.001805 68.371871 -1.790174
 1188.000000 -0.362785 70.671127 0.509082
 1189.000000 -0.059373 70.548230 0.386185
 1190.000000 0.154235 69.717430 -0.444615
 1191.000000 -0.892755 66.246823 -3.915222
 1192.000000 2.868757 73.475613 3.313568
 1193.000000 -2.152883 56.555865 -13.606180
 1194.000000 -1.194262 61.123337 -9.038708
 1195.000000 -0.125870 70.749137 0.587092
 1196.000000 -0.812994 67.326745 -2.835300
 1197.000000 -0.986966 64.765337 -5.396708
 1198.000000 -1.191904 61.164890 -8.997155
 1199.000000 1.328379 64.652543 -5.509502
 1200.000000 0.559708 68.603241 -1.558804
 1201.000000 -0.686174 68.687070 -1.474975
 1202.000000 1.828802 66.498345 -3.663700
 1203.000000 0.222135 69.516524 -0.645521
 1204.000000 -0.054946 70.532938 0.370893
 1205.000000 -0.752805 68.024937 -2.137108
 1206.000000 -1.667295 55.808433 -14.353612
 1207.000000 0.700021 67.837509 -2.324536
 1208.000000 3.135127 70.493632 0.331587
 1209.000000 -2.942807 67.156085 -3.005960
 1210.000000 2.120752 69.709105 -0.452940
 1211.000000 2.240525 70.973644 0.811599
 1212.000000 2.786980 73.838734 3.676689
 1213.000000 3.112436 70.828197 0.666152
 1214.000000 -1.643329 55.908406 -14.253639
 1215.000000 -1.061885 63.473519 -6.688526
 1216.000000 3.129988 70.570325 0.408280
 1217.000000 2.886259 73.360331 3.198286
 1218.000000 1.603378 64.805833 -5.356212
 1219.000000 2.725803 73.926005 3.763960
 1220.000000 1.569507 64.671733 -5.490312
 1221.000000 2.231067 70.878931 0.716886
 1222.000000 2.904351 73.227737 3.065692
 1223.000000 2.809669 73.766802 3.604757
 1224.000000 2.999086 72.314406 2.152361
 1225.000000 2.945915 72.869876 2.707831
 1226.000000 2.557279 73.475526 3.313481
 1227.000000 1.100723 65.530510 -4.631535
 1228.000000 1.116016 65.460282 -4.701763
 1229.000000 0.348864 69.233540 -0.928505
 1230.000000 1.484818 64.491185 -5.670860
 1231.000000 1.638063 64.979386 -5.182659
 1232.000000 2.985309 72.468474 2.306429
 1233.000000 3.037711 71.848827 1.686782
 1234.000000 2.542666 73.398646 3.236600
 1235.000000 1.828394 66.494293 -3.667752
 1236.000000 2.805426 73.781934 3.619889
 1237.000000 2.461114 72.886961 2.724916
 1238.000000 2.237770 70.946103 0.784058
 1239.000000 -2.880590 66.096070 -4.065975
 1240.000000 1.980622 68.133458 -2.028587
 1241.000000 1.973037 68.048356 -2.113689
 1242.000000 -2.812807 64.942065 -5.219980
 1243.000000 2.125758 69.764289 -0.397756
 1244.000000 2.161294 70.152547 -0.009498
 1245.000000 1.937247 67.649391 -2.512654
 1246.000000 -3.140278 70.376557 0.214512
 1247.000000 -0.210084 70.877564 0.715519
 1248.000000 -1.194979 61.110705 -9.051340
 1249.000000 -0.925322 65.756422 -4.405623
 1250.000000 -2.583883 61.267573 -8.894472
 1251.000000 -1.565727 56.346727 -13.815318
 1252.000000 2.035563 68.752782 -1.409263
 1253.000000 2.154163 70.075256 -0.086789
 1254.000000 1.954847 67.845029 -2.317016
 1255.000000 2.382436 72.281856 2.119811
 1256.000000 2.104964 69.533639 -0.628406
 1257.000000 1.139871 65.351188 -4.810857
 1258.000000 0.223441 69.513106 -0.648939
 1259.000000 -1.383104 58.174945 -11.987100
 1260.000000 -0.618323 69.252674 -0.909371
 1261.000000 -1.264099 59.936266 -10.225779
 1262.000000 -0.133363 70.767045 0.605000
 1263.000000 2.389142 72.337517 2.175472
 1264.000000 0.801890 67.185005 -2.977040
 1265.000000 2.554371 73.460577 3.298532
 1266.000000 0.257366 69.429096 -0.732949
 1267.000000 2.776580 73.864336 3.702291
 1268.000000 2.907890 73.200159 3.038114
 1269.000000 1.998440 68.333933 -1.828112
 1270.000000 2.881282 73.394428 3.232383
 1271.000000 -2.817595 65.022844 -5.139201
 1272.000000 -1.467492 57.189644 -12.972401
 1273.000000 1.737110 65.665142 -4.496903
 1274.000000 1.951969 67.812975 -2.349070
 1275.000000 -0.562680 69.654547 -0.507498
 1276.000000 1.194858 65.115170 -5.046875
 1277.000000 0.440816 69.025800 -1.136245
 1278.000000 -1.367740 58.378860 -11.783185
 1279.000000 -1.837521 55.506632 -14.655413
 1280.000000 -1.566987 56.338052 -13.823993
 1281.000000 -0.106384 70.697359 0.535314
 1282.000000 0.494647 68.859905 -1.302140
 1283.000000 1.816919 66.381717 -3.780328
 1284.000000 0.982398 66.116675 -4.045370
 1285.000000 1.797039 66.192078 -3.969967
 1286.000000 -0.308581 70.812540 0.650495
 1287.000000 -0.470300 70.209244 0.047199
 1288.000000 1.223456 65.000938 -5.161107
 1289.000000 0.493847 68.862676 -1.299369
 1290.000000 0.490573 68.873927 -1.288118
 1291.000000 -0.125007 70.747001 0.584956
 1292.000000 1.650019 65.047531 -5.114514
 1293.000000 0.113969 69.861359 -0.300686
 1294.000000 0.290346 69.355405 -0.806640
 1295.000000 -1.228543 60.529759 -9.632286
 1296.000000 -0.637971 69.098281 -1.063764
 1297.000000 1.355699 64.587894 -5.574151
 1298.000000 -2.646022 62.216303 -7.945743
