#! FIELDS time l_01 l_11 l_21 metad.bias
 0.000000 0.817172 -0.582461 -0.993843 30.217824
 1.000000 0.969533 -0.595659 -1.094096 32.453967
 2.000000 0.839821 -0.979548 -0.578302 25.279672
 3.000000 0.794291 -0.756694 -0.826726 29.494225
 4.000000 0.969663 -0.746386 -0.894714 31.755862
 5.000000 0.855116 -0.742382 -0.880479 30.542430
 6.000000 0.622409 -0.391629 -1.097310 25.333532
 7.000000 0.732868 -0.638503 -0.923878 27.989268
 8.000000 -0.919720 0.769976 -1.049952 29.842787
 9.000000 -0.912768 0.816217 -1.079239 28.615197
 10.000000 -0.736579 0.646424 -0.898082 26.750464
 11.000000 -0.681194 0.527768 -0.782833 25.421420
 12.000000 0.724343 -0.889565 -0.523984 22.665613
 13.000000 0.750245 -0.645309 -0.856552 29.043466
 14.000000 0.515267 -0.481338 -0.874369 24.792571
 15.000000 -1.242868 -0.584964 0.842284 27.079185
 16.000000 -0.970018 -0.864801 0.865166 20.286921
 17.000000 -0.925698 -0.798242 0.764042 23.940726
 18.000000 -1.243172 -0.568460 0.828277 27.561072
 19.000000 -0.431634 -1.219089 0.792847 18.290754
 20.000000 -1.144519 -0.630352 0.791657 26.873459
 21.000000 -1.122266 -0.658928 0.798845 27.024012
 22.000000 -1.098831 -0.681181 0.799298 26.892266
 23.000000 -0.531815 -0.806837 0.427280 12.160058
 24.000000 -1.292633 -0.537128 0.854410 23.841634
 25.000000 -0.446949 -1.130065 0.711073 16.709265
 26.000000 -1.203913 -0.561783 0.783086 26.622843
 27.000000 -1.269215 -0.500920 0.798787 24.455445
 28.000000 0.609544 -1.974577 0.880889 19.434350
 29.000000 0.581847 -1.864599 0.864021 22.379981
 30.000000 -0.872775 -0.746749 0.880543 15.379416
 31.000000 -1.021343 -0.663624 0.711224 22.024945
 32.000000 -1.118224 -0.524281 0.660585 17.369295
 33.000000 -1.095703 -0.637673 0.753532 24.663828
 34.000000 -0.859456 -0.950296 0.858946 20.227211
 35.000000 0.197739 -1.747994 0.876905 13.789549
 36.000000 -0.843322 -0.940711 0.837510 22.049367
 37.000000 -1.017720 -0.776390 0.821157 24.927783
 38.000000 -1.198376 -0.676321 0.879501 22.525715
 39.000000 -1.166033 -0.572283 0.882470 22.587333
 40.000000 0.435977 -1.610170 0.757512 17.077275
 41.000000 -0.147436 -1.042231 0.364427 8.644060
 42.000000 0.478884 -1.917452 0.877319 18.143548
 43.000000 0.516208 -1.709015 0.782916 18.450869
 44.000000 0.358578 -1.155336 0.083762 4.608118
 45.000000 -1.310135 -0.516082 0.868762 20.788310
 46.000000 0.767948 -0.847818 -0.701303 27.082466
 47.000000 1.033225 -0.648618 -1.047889 31.951418
 48.000000 0.648013 -0.452773 -1.029203 28.804979
 49.000000 0.866848 -0.920882 -0.665303 27.040929
 50.000000 -0.442291 0.519406 -0.966846 22.487097
 51.000000 -0.736626 0.589812 -1.065366 26.313163
 52.000000 0.851861 -0.817368 -0.788074 30.551957
 53.000000 0.168766 -0.390506 -0.784129 19.818851
 54.000000 -0.326548 0.293208 -1.088734 22.029427
 55.000000 0.606261 -0.751285 -0.606402 22.973847
 56.000000 0.994827 -0.512430 -1.110422 22.891009
 57.000000 -0.747721 0.718014 -0.987465 30.219123
 58.000000 -0.126412 -0.022042 -0.872682 19.419483
 59.000000 0.135739 -0.244849 -0.837545 20.494007
 60.000000 1.042120 -0.708457 -0.959748 28.078733
 61.000000 1.052738 -0.590251 -1.110815 25.977222
 62.000000 0.680345 -0.437933 -1.103031 26.215672
 63.000000 -0.851545 0.747772 -1.064285 34.519822
 64.000000 -0.972558 0.692445 -0.904371 25.688008
 65.000000 -0.367888 0.507771 -1.017874 21.425498
 66.000000 -0.731517 0.393805 -0.573521 21.086096
 67.000000 -0.869076 0.622102 -0.849516 31.236688
 68.000000 0.969822 -0.617052 -1.060580 34.452711
 69.000000 -0.126077 0.396522 -1.109384 13.413259
 70.000000 -0.712311 0.776096 -1.108651 24.755158
 71.000000 -0.724387 0.656055 -0.919872 26.997577
 72.000000 -0.705723 0.614991 -1.089572 27.267500
 73.000000 -0.951576 0.580471 -0.845734 27.943557
 74.000000 -0.912575 0.814740 -1.072238 28.968968
 75.000000 0.450603 -0.803535 -0.415580 16.508321
 76.000000 0.858422 -0.531831 -1.107252 28.985433
 77.000000 0.999628 -0.796532 -0.824352 27.606377
 78.000000 0.779035 -0.808836 -0.755076 28.451545
 79.000000 0.373170 -0.443664 -0.798732 22.574762
 80.000000 0.827909 -0.596294 -0.983405 30.083776
 81.000000 1.054177 -0.692776 -0.975670 27.502248
 82.000000 -0.242460 0.213908 -1.068280 22.443367
 83.000000 0.255816 -0.406822 -0.834500 21.690341
 84.000000 0.878054 -0.996698 -0.557912 23.238355
 85.000000 0.473184 -0.288794 -1.109596 22.641343
 86.000000 0.540825 -0.696931 -0.721040 23.927232
 87.000000 1.002310 -0.685611 -0.996334 32.658287
 88.000000 0.504547 -0.310301 -1.104972 23.300116
 89.000000 0.854165 -0.815322 -0.791834 30.638230
 90.000000 0.729310 -0.684350 -0.789276 28.429566
 91.000000 0.292687 -0.507558 -0.648075 19.054721
 92.000000 -0.158825 0.022337 -0.897683 20.027924
 93.000000 0.221316 -0.127871 -1.101981 20.867320
 94.000000 0.342795 -0.478205 -0.728444 21.488658
 95.000000 0.657841 -0.558967 -0.894479 27.445933
 96.000000 0.467506 -0.303788 -1.072070 24.970640
 97.000000 0.683758 -0.818632 -0.582599 23.676384
 98.000000 -0.579692 0.093886 -0.689735 16.342696
 99.000000 -0.303797 0.129826 -0.890545 21.663717
 100.000000 -0.913673 0.543938 -0.657467 24.032387
 101.000000 0.490058 -1.036084 -0.163028 10.854810
 102.000000 0.661284 -0.895037 -0.469431 21.357253
 103.000000 -0.571656 0.566853 -0.920375 24.973703
 104.000000 -0.852820 0.809144 -1.054293 33.554797
 105.000000 -0.763880 0.607892 -0.827510 26.360341
 106.000000 -0.848910 0.694396 -0.946827 32.878937
 107.000000 -0.361879 0.555620 -1.096066 19.139963
 108.000000 -0.908693 0.506971 -0.819146 25.785552
 109.000000 -0.805787 0.746660 -0.988243 32.501214
 110.000000 -0.864609 0.698644 -0.890475 29.953423
 111.000000 -1.004116 0.488792 -0.612927 23.777150
 112.000000 -0.725798 0.269081 -0.746723 20.440191
 113.000000 -0.627778 0.716181 -1.082100 25.247971
 114.000000 -0.490733 0.513401 -0.917130 22.469373
 115.000000 -0.664121 0.673863 -0.990083 28.187504
 116.000000 -1.017378 0.531768 -0.715982 24.334496
 117.000000 -0.576065 0.676863 -1.095218 24.078402
 118.000000 -0.125313 0.378398 -1.071684 14.872859
 119.000000 0.867294 -0.755987 -0.871073 30.949916
 120.000000 0.797948 -1.130897 -0.363143 18.270489
 121.000000 -0.491096 -0.083722 -0.571661 12.938050
 122.000000 -0.419192 0.110849 -0.850215 19.401350
 123.000000 -0.449379 -0.032915 -0.665678 15.239454
 124.000000 -0.672525 0.590319 -1.108411 24.731676
 125.000000 0.957136 -0.597890 -1.080936 33.368611
 126.000000 -0.971648 0.675155 -0.903493 26.356369
 127.000000 -0.750290 0.738272 -1.013959 31.183283
 128.000000 -0.407888 0.486871 -0.953468 21.082465
 129.000000 -0.863605 0.841687 -1.107617 28.276763
 130.000000 -0.674961 0.755772 -1.105528 23.805277
 131.000000 -0.810469 0.307947 -0.708059 20.524373
 132.000000 0.833062 -0.677957 -0.943020 29.200638
 133.000000 0.662376 -0.879113 -0.593690 22.972252
 134.000000 -0.019134 -0.185739 -0.860889 19.141081
 135.000000 -0.947749 0.456266 -0.725686 24.900528
 136.000000 -0.303242 0.140868 -0.905218 21.887789
 137.000000 -0.875847 0.318868 -0.655434 20.054230
 138.000000 -0.057807 -0.041457 -0.914600 19.860336
 139.000000 0.628467 -0.493724 -1.013700 27.625662
 140.000000 -0.457200 0.238698 -0.953944 21.270329
 141.000000 -0.875884 0.470612 -0.575803 21.132366
 142.000000 -0.865864 0.838831 -1.097404 29.295524
 143.000000 -0.633097 0.350436 -0.593042 20.287587
 144.000000 -0.439742 0.163853 -0.515546 14.000449
 145.000000 0.865048 -0.539352 -1.098484 29.913909
 146.000000 0.957574 -0.783979 -0.866138 31.072628
 147.000000 -0.705468 0.766832 -1.092605 26.116058
 148.000000 -0.045942 -1.217240 0.759313 14.508179
 149.000000 -0.911064 -0.730810 0.681195 21.005124
 150.000000 -0.762600 -0.893235 0.722361 21.180385
 151.000000 -0.142424 -1.497692 0.859939 11.709933
 152.000000 0.875752 -0.624669 -0.981522 30.993206
 153.000000 0.513247 -0.948315 -0.288314 13.304215
 154.000000 0.734861 -0.459064 -1.105897 26.995639
 155.000000 -0.010772 0.029098 -1.057554 21.624678
 156.000000 0.967151 -0.929985 -0.627504 20.357444
 157.000000 0.290162 -0.312682 -0.892418 22.613056
 158.000000 -0.169927 0.160830 -1.073473 22.288727
 159.000000 -0.704418 0.481732 -0.705922 24.440968
 160.000000 -0.625203 0.555533 -0.862338 25.219239
 161.000000 -0.390036 0.389200 -0.841085 18.484691
 162.000000 -0.658054 0.488593 -0.749810 24.619150
 163.000000 0.155785 -0.085424 -1.098098 21.113746
 164.000000 0.743321 -0.707593 -0.851276 28.624387
 165.000000 -0.705330 0.605303 -1.074097 28.165906
 166.000000 0.362181 -0.494799 -0.817867 22.018102
 167.000000 0.863974 -0.876934 -0.720327 28.936332
 168.000000 0.962310 -0.849067 -0.735802 27.408982
 169.000000 -0.094067 -0.317895 -0.651101 15.106685
 170.000000 -0.017951 -0.193377 -0.853437 19.122711
 171.000000 -0.493635 0.272201 -0.957948 21.691257
 172.000000 -0.915632 0.531377 -0.836587 26.590250
 173.000000 -0.896893 0.286561 -0.427106 15.048337
 174.000000 -0.718505 0.627143 -1.090102 27.482984
 175.000000 -0.993291 0.641455 -0.829788 25.150297
 176.000000 -0.339984 0.206705 -0.952487 23.079056
 177.000000 -0.023421 -0.370340 -0.650509 15.367411
 178.000000 0.331788 -0.191052 -1.108546 21.228920
 179.000000 0.362610 -0.362478 -0.893616 23.286395
 180.000000 0.611023 -0.679236 -0.701176 25.044656
 181.000000 0.295328 -0.375186 -0.816848 22.163948
 182.000000 0.301460 -0.714919 -0.516999 15.336889
 183.000000 0.276272 -0.367398 -0.894284 22.017664
 184.000000 0.339337 -0.316985 -0.996912 23.503121
 185.000000 -0.096068 -0.134103 -0.854858 17.985374
 186.000000 -0.401958 0.425183 -0.877424 19.246254
 187.000000 -0.758831 0.341057 -0.792895 21.625617
 188.000000 -0.312831 -0.185222 -0.614491 13.162692
 189.000000 -0.119604 -0.391404 -0.545797 12.274620
 190.000000 -0.399011 -0.119011 -0.613740 13.596980
 191.000000 0.416273 -0.259680 -1.105808 22.478116
 192.000000 -0.122673 0.141739 -1.108238 20.126464
 193.000000 0.236158 -0.445160 -0.676227 18.535916
 194.000000 0.561721 -0.546254 -0.908654 25.224014
 195.000000 -0.976561 0.427759 -0.664675 23.945937
 196.000000 -0.189311 -0.203102 -0.700313 14.825955
 197.000000 0.013084 -0.592572 -0.425158 9.876436
 198.000000 0.397596 -0.855730 -0.426429 14.151260
 199.000000 0.760183 -1.014950 -0.492128 23.593208
 200.000000 0.457423 -0.411445 -0.914713 23.987525
 201.000000 0.128129 -0.103134 -1.015971 24.162353
 202.000000 0.715553 -0.446545 -1.108847 26.283207
 203.000000 -0.606087 0.082520 -0.653201 15.463069
 204.000000 -0.697193 0.315851 -0.823501 21.275014
 205.000000 0.869461 -0.604448 -1.047906 31.399413
 206.000000 0.069145 -0.065725 -1.057407 22.646666
 207.000000 -0.441463 0.308969 -0.695376 17.853504
 208.000000 -0.345262 0.184314 -0.620081 14.247137
 209.000000 1.042525 -0.612254 -1.028790 30.087521
 210.000000 -0.758914 0.630562 -1.082896 26.706856
 211.000000 -0.546105 -0.166193 -0.027623 3.387599
 212.000000 0.832050 -1.019152 -0.523539 23.927087
 213.000000 -0.150855 -0.477277 -0.293096 4.993135
 214.000000 0.223059 -0.782965 -0.251804 11.023841
 215.000000 0.792008 -0.493118 -1.109253 27.756257
 216.000000 0.124288 -0.155004 -0.942732 22.416264
 217.000000 -0.793048 0.697959 -1.107435 27.903061
 218.000000 0.617836 -0.641114 -0.755241 25.707534
 219.000000 0.519059 -0.762149 -0.628838 21.066057
 220.000000 -0.750146 0.494030 -0.960406 24.735393
 221.000000 -0.234345 -0.309311 -0.541593 12.175029
 222.000000 -0.619274 0.013929 -0.564875 12.622116
 223.000000 -0.159664 0.179433 -0.775479 11.859572
 224.000000 -0.587162 0.540068 -0.872426 24.492116
 225.000000 0.499483 -0.071868 -1.109401 12.188720
 226.000000 0.083946 -1.390135 0.831595 15.594127
 227.000000 0.310203 -1.308602 0.552606 7.571884
 228.000000 -0.990458 -0.830097 0.849618 22.204457
 229.000000 -0.920644 -0.663154 0.618267 17.825573
 230.000000 -0.666663 -1.063465 0.818692 18.495015
 231.000000 0.615177 -1.678809 0.656552 11.881384
 232.000000 0.652711 -1.906123 0.785830 20.179156
 233.000000 -0.376028 -1.299487 0.832277 15.153734
 234.000000 0.226940 -0.394635 -0.731191 19.591853
 235.000000 -0.546571 -0.816444 0.450973 12.543604
 236.000000 0.839715 -1.111649 -0.321974 15.447527
 237.000000 0.293153 -0.255314 -0.970527 23.964764
 238.000000 -1.033169 -0.492802 0.543736 11.983853
 239.000000 0.601923 -1.950245 0.854205 22.357015
 240.000000 0.420318 -1.663804 0.824068 17.520521
 241.000000 -0.656137 -0.544773 0.244220 4.707942
 242.000000 0.737971 -0.977539 -0.524770 23.489599
 243.000000 -0.013973 0.039605 -1.098085 19.297248
 244.000000 -0.765502 0.705116 -0.957130 29.563107
 245.000000 -0.702125 0.413222 -0.619955 22.252752
 246.000000 -0.881921 0.778196 -1.005430 32.592461
 247.000000 -0.948593 0.733127 -0.954544 26.743243
 248.000000 -1.012090 0.429600 -0.533370 20.755641
 249.000000 -0.796397 0.818446 -1.108596 28.473212
 250.000000 0.469251 -0.343871 -1.016051 25.394121
 251.000000 1.011652 -0.792452 -0.833690 26.546990
 252.000000 0.113194 -0.466860 -0.540814 13.370538
 253.000000 -0.473022 -0.855712 0.430699 12.098519
 254.000000 0.720889 -0.654592 -0.821148 28.599809
 255.000000 0.096115 -0.251115 -0.793035 19.289610
 256.000000 0.956788 -0.703179 -0.978242 32.264028
 257.000000 -0.783896 0.128196 -0.537508 14.311242
 258.000000 0.706868 -1.007205 -0.468621 21.718227
 259.000000 -0.413726 0.140271 -0.886630 19.800637
 260.000000 -0.058245 -0.330810 -0.666414 15.578179
 261.000000 0.858546 -0.375709 -1.110539 16.180647
 262.000000 0.458984 -1.198980 0.057814 4.469889
 263.000000 0.626500 -1.963592 0.866243 20.608870
 264.000000 -0.371152 -1.296706 0.825862 15.521078
 265.000000 -0.871222 -0.906560 0.826719 23.022449
 266.000000 0.454625 -1.884768 0.858068 18.828407
 267.000000 0.019604 -1.539384 0.786913 13.651804
 268.000000 0.842304 -0.811327 -0.709873 29.129668
 269.000000 0.430941 -1.105342 -0.032974 6.616719
 270.000000 -1.097105 -0.667256 0.784136 26.455246
 271.000000 -0.130166 -1.322786 0.666262 10.041837
 272.000000 -1.139379 -0.728247 0.876227 22.209746
 273.000000 -0.252614 -0.128997 -0.729410 15.583203
 274.000000 0.132563 -0.911244 -0.148634 6.765496
 275.000000 0.740677 -0.754409 -0.794745 28.247709
 276.000000 0.864497 -1.033560 -0.505269 21.785665
 277.000000 1.047461 -0.705422 -0.962604 27.605919
 278.000000 -0.549159 -0.140335 -0.455301 8.702712
 279.000000 -0.443552 0.314611 -0.795091 20.862875
 280.000000 0.155081 0.190110 -1.097276 11.706994
 281.000000 -0.219057 0.326705 -0.910979 15.637203
 282.000000 -0.591457 0.005937 -0.581417 13.148272
 283.000000 0.490832 -0.320812 -1.070217 25.271556
 284.000000 -0.423928 -0.970095 0.516406 11.686920
 285.000000 -0.849247 -0.999453 0.890572 15.221681
 286.000000 0.007332 -0.754094 -0.102823 7.590818
 287.000000 -0.579160 -0.871774 0.808074 12.913361
 288.000000 -0.279808 -1.122157 0.843042 12.844962
 289.000000 -0.833990 -0.692085 0.800391 13.779673
 290.000000 -1.081596 -0.586896 0.688844 20.024819
 291.000000 -0.891579 -0.695825 0.626561 18.752468
 292.000000 0.415788 -1.881529 0.876304 16.794312
 293.000000 -0.360076 -1.033287 0.813172 13.771706
 294.000000 -0.508075 -0.963536 0.850287 13.506882
 295.000000 0.595701 -1.721443 0.718838 15.682724
 296.000000 0.739346 -1.101753 -0.268546 15.822513
 297.000000 0.620206 -0.866931 -0.472759 21.296716
 298.000000 -0.846933 0.753066 -1.106584 31.014464
 299.000000 -0.563754 0.496097 -1.106980 22.531661
 300.000000 0.268930 -0.275905 -0.988375 22.971347
 301.000000 -0.301860 -0.120429 -0.696755 14.783002
 302.000000 -0.085244 -0.359642 -0.611062 14.339789
 303.000000 -0.980063 0.586658 -0.749172 26.561100
 304.000000 -0.340968 0.196486 -1.006652 22.205306
 305.000000 -0.800516 0.298836 -0.707871 20.415573
 306.000000 -0.788514 0.506952 -0.937868 24.729038
 307.000000 0.685397 -0.443200 -1.101293 26.486969
 308.000000 0.437332 -0.886431 -0.420505 14.730328
 309.000000 -0.114519 -1.194973 0.510951 9.255688
 310.000000 0.031315 -0.105378 -0.987977 21.471380
 311.000000 -0.077416 0.107134 -1.105170 20.042072
 312.000000 0.646535 -0.773219 -0.708204 25.516428
 313.000000 0.851145 -0.707983 -0.918876 29.883680
 314.000000 0.996888 -0.938432 -0.603356 15.801506
 315.000000 -0.745134 0.378213 -0.543791 20.071184
 316.000000 0.523615 -0.137515 -1.076209 14.985210
 317.000000 0.411848 -0.254066 -1.090861 23.512502
 318.000000 -0.204473 0.194771 -1.084938 21.445434
 319.000000 0.674281 -1.033925 -0.414556 19.342465
 320.000000 1.019857 -0.844375 -0.753033 21.634664
 321.000000 0.135756 -0.249330 -0.831860 20.387450
 322.000000 -0.542397 -1.104858 0.761829 17.952306
 323.000000 -0.716593 -0.811037 0.842867 13.434243
 324.000000 0.116938 -1.478629 0.886275 12.803543
 325.000000 0.457799 -1.656348 0.784114 18.165247
 326.000000 0.496215 -1.744166 0.834317 18.906749
 327.000000 -0.030510 -1.087604 0.606983 9.338612
 328.000000 0.660531 -1.661461 0.591351 7.564924
 329.000000 -0.090110 -0.784329 0.317141 5.135868
 330.000000 -0.379148 0.571217 -1.106292 18.777684
 331.000000 -0.731907 0.781432 -1.093223 27.144030
 332.000000 -0.360185 -0.003821 -0.375826 8.432827
 333.000000 -0.658620 0.381421 -0.612510 21.376592
 334.000000 -0.151675 0.277048 -0.907695 14.255790
 335.000000 0.890882 -0.636457 -0.976623 31.365561
 336.000000 0.027033 -0.201567 -0.880766 19.906777
 337.000000 0.333434 -1.324222 0.303247 3.304553
 338.000000 0.996261 -0.530304 -1.101834 25.663386
 339.000000 -0.278839 -0.091809 -0.748403 16.449735
 340.000000 -0.597337 0.457515 -1.001742 27.093383
 341.000000 0.997499 -0.619879 -1.074209 33.568827
 342.000000 0.118797 -0.408906 -0.617010 15.048590
 343.000000 -0.614765 -1.124660 0.838976 16.027310
 344.000000 -1.191126 -0.681261 0.877884 22.707154
 345.000000 -0.420683 -0.923601 0.743915 11.612054
 346.000000 -0.892133 0.739269 -0.970991 32.023756
 347.000000 -0.423236 0.420700 -0.853355 19.458491
 348.000000 -0.806875 0.822706 -1.102582 29.304166
 349.000000 0.053260 0.262485 -1.092012 12.470569
 350.000000 -0.098393 0.042354 -0.984199 21.831213
 351.000000 0.249099 -1.762352 0.859403 14.580554
 352.000000 -0.436090 -0.877452 0.423086 11.267131
 353.000000 -1.085173 -0.802021 0.891214 17.937401
 354.000000 0.283275 -0.296644 -0.906926 22.664297
 355.000000 1.060090 -0.599728 -1.105664 25.976464
 356.000000 1.015972 -0.736539 -0.914672 29.084264
 357.000000 -0.290097 0.511280 -1.108394 16.328436
 358.000000 0.801934 -1.004167 -0.528886 24.687319
 359.000000 0.361169 -0.591875 -0.706409 21.284457
 360.000000 -0.465697 0.316680 -0.962717 24.392940
 361.000000 0.393337 -0.732240 -0.456008 16.053640
 362.000000 0.163318 -0.817209 -0.160392 9.058195
 363.000000 -1.278926 -0.478202 0.827686 22.269986
 364.000000 0.256170 -0.274540 -0.910688 22.372452
 365.000000 0.351376 -0.699759 -0.573881 17.547833
 366.000000 0.667470 -0.999893 -0.451503 20.197505
 367.000000 0.147166 -0.809158 -0.281966 9.153023
 368.000000 -0.304140 0.278802 -1.108699 20.137614
 369.000000 -1.015228 0.571570 -0.751186 24.157220
 370.000000 0.497566 -1.692572 0.783911 18.468750
 371.000000 -0.031421 -0.883178 0.379356 5.924808
 372.000000 0.087472 -0.153781 -0.584545 3.909522
 373.000000 -0.887651 0.555675 -0.890139 26.625400
 374.000000 0.023979 -0.192271 -0.888506 19.896950
 375.000000 -0.441750 -0.002475 -0.706251 16.457935
 376.000000 -0.675600 0.499229 -1.031785 25.121278
 377.000000 -0.403782 -0.291899 -0.413199 8.549240
 378.000000 -0.717083 0.324118 -0.813919 21.413370
 379.000000 -0.885989 0.622585 -0.776083 27.274318
 380.000000 -1.240418 -0.379776 0.664845 12.017577
 381.000000 -0.038378 -0.080294 -0.883433 19.526186
 382.000000 0.655362 -0.881130 -0.482269 21.647282
 383.000000 -1.121880 -0.693271 0.831173 26.626300
 384.000000 0.175971 -0.716864 -0.414173 10.722020
 385.000000 -0.339379 0.283274 -1.091781 21.599222
 386.000000 -0.753074 0.216128 -0.663537 18.464790
 387.000000 0.104022 -0.386137 -0.631895 15.142806
 388.000000 0.906278 -0.921934 -0.657003 26.151759
 389.000000 0.167721 -0.205198 -0.918376 21.895901
 390.000000 -0.356530 0.281325 -1.034764 24.361052
 391.000000 0.552443 -0.776833 -0.636267 22.045257
 392.000000 -0.515193 -0.959603 0.582560 13.824560
 393.000000 0.531889 -0.350223 -1.095686 24.403996
 394.000000 0.839316 -1.110690 -0.389766 18.167371
 395.000000 0.479442 -1.281180 0.140826 2.728227
 396.000000 -0.292842 -0.785793 0.194149 6.016016
 397.000000 0.527485 -0.680902 -0.630752 21.722632
 398.000000 0.785196 -0.491345 -1.110392 27.553073
 399.000000 0.986883 -0.800064 -0.814318 28.587572
 400.000000 1.006951 -0.876136 -0.709984 20.798189
 401.000000 -0.196645 -1.063029 0.717156 11.788680
 402.000000 0.609427 -1.956629 0.859404 21.754570
 403.000000 -0.717810 0.560710 -0.798425 25.793253
 404.000000 -0.642399 0.505067 -0.783167 24.804204
 405.000000 -0.864427 0.736115 -0.943736 31.189862
 406.000000 0.381420 0.014356 -1.090800 11.822653
 407.000000 -0.719698 0.780151 -1.108634 25.045968
 408.000000 -0.316290 0.524344 -1.108126 17.325350
 409.000000 -0.356920 0.457397 -0.959335 19.760553
 410.000000 -0.334714 0.309090 -0.786108 16.078804
 411.000000 0.821039 -0.389637 -1.028115 18.182608
 412.000000 -0.423150 0.599736 -1.104349 19.503098
 413.000000 1.036323 -0.611484 -1.110498 28.251000
 414.000000 0.394933 -0.378821 -0.971426 23.080009
 415.000000 0.666046 -0.989006 -0.355936 17.769565
 416.000000 -0.711033 0.556935 -1.056619 25.864389
 417.000000 -0.831697 0.554221 -0.944327 25.527717
 418.000000 -0.800779 0.631251 -0.982851 30.782151
 419.000000 0.244684 -0.380904 -0.764296 20.607244
 420.000000 -0.764489 -0.774685 0.597327 17.104452
 421.000000 0.774486 -0.755759 -0.815234 29.042034
 422.000000 0.582179 -0.715270 -0.729959 24.829017
 423.000000 -0.428383 -0.162832 -0.538347 12.495219
 424.000000 0.433980 -0.472117 -0.815633 23.033421
 425.000000 -0.865007 -0.887822 0.803134 23.742123
 426.000000 0.362672 -1.610283 0.821297 16.258099
 427.000000 -0.432218 -0.914148 0.742653 11.435728
 428.000000 0.689762 -1.034012 -0.317541 17.161793
 429.000000 -1.233059 -0.663361 0.891398 20.297738
 430.000000 -0.458501 -1.289453 0.880378 11.610910
 431.000000 -1.059014 -0.317637 0.527734 4.331760
 432.000000 0.459565 -1.647606 0.773868 17.955843
 433.000000 -0.009128 -1.310026 0.825037 15.078844
 434.000000 0.464836 -1.565929 0.685899 13.808438
 435.000000 -0.242253 0.301517 -0.857494 15.044793
 436.000000 -0.731837 0.766756 -1.093732 28.187910
 437.000000 -0.731920 0.637669 -1.086428 28.018342
 438.000000 0.021546 -0.195516 -0.793947 19.025423
 439.000000 0.825656 -0.737876 -0.868379 29.982902
 440.000000 -0.018677 -0.606026 -0.256518 7.762699
 441.000000 -1.123842 -0.748213 0.880584 21.175892
 442.000000 -1.231614 -0.645208 0.881177 22.556016
 443.000000 -0.283516 -1.106812 0.830578 12.974916
 444.000000 0.531722 -1.587693 0.645557 11.167337
 445.000000 0.496778 -1.914994 0.865789 19.613703
 446.000000 -0.553867 -0.836643 0.751981 10.683518
 447.000000 -0.789735 0.236469 -0.333119 12.252351
 448.000000 0.216758 0.138535 -1.106708 11.902250
 449.000000 1.029103 -0.802695 -0.815852 23.543897
 450.000000 0.572672 -0.581028 -0.794724 24.767522
 451.000000 0.627266 -0.403941 -1.081549 26.672601
 452.000000 0.995077 -0.940841 -0.594412 15.521142
 453.000000 -0.715504 -0.772866 0.551869 14.527739
 454.000000 -0.267576 -0.685515 0.055910 3.199699
 455.000000 -0.965158 -0.578216 0.569125 14.691126
 456.000000 -0.673213 -1.112714 0.870481 13.623008
 457.000000 0.036953 -0.549050 -0.373732 10.455605
 458.000000 0.478143 -0.450546 -0.954251 24.039360
 459.000000 0.422117 -0.255772 -0.870743 12.268981
 460.000000 0.719177 -0.781569 -0.748379 27.253439
 461.000000 0.873684 -0.548878 -1.106265 29.436374
 462.000000 -0.522625 0.068584 -0.713129 16.864207
 463.000000 0.686015 -1.146715 -0.282968 15.045685
 464.000000 0.337918 -0.508893 -0.783214 21.617876
 465.000000 -0.420381 -1.224562 0.789740 18.186959
 466.000000 0.049400 -1.605881 0.834927 13.712658
 467.000000 0.146803 -0.579759 -0.432535 12.090901
 468.000000 -0.112430 -1.040293 0.332945 7.736311
 469.000000 -0.509296 -0.978263 0.598047 13.986788
 470.000000 0.721991 -1.774740 0.610142 6.791098
 471.000000 -0.274058 -0.274540 -0.121985 2.970328
 472.000000 0.331055 -1.555141 0.793802 16.249630
 473.000000 0.011898 -0.812938 0.261843 3.997281
 474.000000 -0.025873 0.326303 -1.107774 11.659650
 475.000000 -0.305942 0.512958 -1.086994 18.027521
 476.000000 -0.618638 0.410966 -0.680992 22.178894
 477.000000 -1.019379 0.443642 -0.630421 23.025324
 478.000000 -0.766575 0.394281 -0.548807 20.276498
 479.000000 0.857361 -0.416137 -1.082337 20.969765
 480.000000 -1.068882 0.336628 -0.460915 14.541415
 481.000000 -0.907114 0.658310 -0.872007 31.302120
 482.000000 0.570919 -1.183950 -0.045149 6.188223
 483.000000 0.387438 -0.982934 -0.145963 9.060489
 484.000000 0.133224 -0.733659 -0.234986 9.719935
 485.000000 -0.343317 -1.291066 0.799015 16.257245
 486.000000 0.470809 -1.646887 0.763003 17.756788
 487.000000 -1.126317 -0.635299 0.779587 26.253291
 488.000000 0.000305 -0.816929 -0.022487 6.764009
 489.000000 0.809807 -0.623314 -0.932556 29.219331
 490.000000 -0.070553 -0.163813 -0.843103 18.137568
 491.000000 -0.349094 0.292257 -1.092822 21.613789
 492.000000 -0.250615 0.224932 -1.075397 22.142016
 493.000000 -0.653028 0.728380 -1.077954 26.105925
 494.000000 0.292224 0.089314 -1.109747 11.669981
 495.000000 -0.456071 0.144316 -0.477938 12.960081
 496.000000 0.016544 0.241270 -1.066205 15.102299
 497.000000 -0.834898 0.631822 -0.813667 27.593215
 498.000000 -0.204970 0.423468 -1.088782 16.345670
 499.000000 -0.486279 0.028952 -0.701700 16.551420
 500.000000 0.797995 -1.070645 -0.347684 19.119647
 501.000000 0.697210 -0.754242 -0.674576 26.014181
 502.000000 0.802082 -0.507523 -1.106771 28.232722
 503.000000 0.935205 -0.897129 -0.657149 25.272239
 504.000000 -0.471548 0.256106 -0.959957 21.573656
 505.000000 -0.854292 0.307654 -0.378482 11.810810
 506.000000 -0.618867 -0.632316 0.575014 5.920717
 507.000000 -0.802809 -0.790691 0.878736 14.403230
 508.000000 0.106849 -1.195226 0.607821 9.870632
 509.000000 0.601018 -1.819608 0.807046 21.019154
 510.000000 -0.929897 -0.637316 0.599250 16.675892
 511.000000 -1.202002 -0.453859 0.678064 16.844165
 512.000000 0.549368 -1.853553 0.768622 19.633954
 513.000000 -1.166802 -0.493058 0.678506 17.828749
 514.000000 -0.286934 -1.127380 0.576639 11.699926
 515.000000 -1.010125 -0.585415 0.619293 17.111276
 516.000000 1.043287 -0.736921 -0.914004 25.957678
 517.000000 0.221969 -0.118061 -1.095190 21.278114
 518.000000 -0.601526 -0.095075 -0.458671 8.280600
 519.000000 0.514579 -0.492225 -0.859660 24.597042
 520.000000 -0.555927 -0.795173 0.435434 11.935198
 521.000000 -0.276542 -1.207663 0.656825 12.311841
 522.000000 0.148076 -0.435724 -0.716416 17.898163
 523.000000 -0.608151 0.256549 -0.841050 20.209405
 524.000000 -0.851082 0.327237 -0.507893 19.837490
 525.000000 -0.536434 -0.005479 -0.229293 8.303549
 526.000000 -0.845360 0.156674 -0.509233 13.485792
 527.000000 0.786834 -0.343358 -1.090076 17.582804
 528.000000 -0.803946 0.814272 -1.089298 30.809353
 529.000000 -0.220492 0.045246 -0.554875 8.343846
 530.000000 -0.457058 0.596327 -1.060851 23.030647
 531.000000 0.174133 -0.574133 -0.578830 14.372213
 532.000000 -1.020917 0.571622 -0.731700 23.368612
 533.000000 0.014502 -0.447099 -0.594346 13.953542
 534.000000 -0.963974 -0.851855 0.848779 21.961728
 535.000000 0.488330 -1.501282 0.596105 8.790014
 536.000000 -0.633098 -0.892587 0.866495 13.387914
 537.000000 -1.066087 -0.470947 0.553327 11.645779
 538.000000 0.391147 -1.872749 0.881162 15.858544
 539.000000 0.251815 -1.670351 0.760628 13.318128
 540.000000 -0.240338 -1.068099 0.471496 10.370531
 541.000000 -1.230902 -0.443610 0.702245 17.384938
 542.000000 0.744153 -1.080074 -0.401495 20.872902
 543.000000 0.895907 -0.935700 -0.649750 25.751192
 544.000000 0.765074 -1.290040 -0.136343 6.560205
 545.000000 0.726214 -0.456823 -1.109834 26.465789
 546.000000 -0.389725 -1.114175 0.646915 14.201340
 547.000000 0.459222 -1.904459 0.875035 17.847681
 548.000000 -0.806798 -0.792537 0.653959 19.610224
 549.000000 -0.005868 -1.004694 0.202797 5.028676
 550.000000 0.000856 -1.350519 0.593696 8.578576
 551.000000 0.322551 -0.357036 -0.864536 22.854049
 552.000000 -0.875113 -0.677754 0.592241 17.208158
 553.000000 -1.090376 -0.621989 0.888605 19.973017
 554.000000 -0.862506 0.843534 -1.107905 28.063058
 555.000000 0.914099 -0.781176 -0.863443 31.607204
 556.000000 -1.077686 0.330224 -0.442622 13.422721
 557.000000 0.248865 -0.164331 -1.087448 22.206716
 558.000000 -0.780361 0.118677 -0.530369 13.955155
 559.000000 0.828711 -0.542256 -1.089522 29.971559
 560.000000 -0.635375 0.527250 -1.051891 27.396904
 561.000000 0.371583 -0.936353 -0.310351 9.254428
 562.000000 -0.755965 0.399419 -0.857341 22.886222
 563.000000 0.352118 -0.606013 -0.683125 20.731450
 564.000000 -0.891230 0.838361 -1.108293 27.216062
 565.000000 -0.729010 0.561012 -1.045151 25.983950
 566.000000 -0.055370 0.049693 -1.038894 22.393573
 567.000000 0.218231 -1.714389 0.830951 15.368975
 568.000000 -0.802982 -0.999652 0.861920 18.564526
 569.000000 0.074116 -1.386269 0.835458 15.474743
 570.000000 0.228184 -1.518046 0.841953 15.091348
 571.000000 -0.320431 -0.998231 0.745940 12.291326
 572.000000 -0.303807 -0.774927 0.485530 6.173068
 573.000000 -0.079098 -1.314049 0.879318 12.538440
 574.000000 -0.876658 0.446599 -0.543813 19.976941
 575.000000 -0.241092 0.359070 -0.933415 16.449617
 576.000000 0.432302 -0.494175 -0.871787 22.802639
 577.000000 0.124242 -0.600868 -0.387330 11.163554
 578.000000 -0.019003 -0.003273 -1.003563 21.976227
 579.000000 -0.743941 0.784445 -1.087565 28.311326
 580.000000 0.778954 -0.576173 -1.023820 29.513602
 581.000000 1.020955 -0.641942 -1.068995 32.296478
 582.000000 -0.772616 0.508835 -0.691740 24.408892
 583.000000 -0.896015 0.709925 -0.931946 31.504838
 584.000000 -0.566690 0.275478 -0.551208 17.553693
 585.000000 -0.468358 0.599987 -1.055485 23.478259
 586.000000 -0.802434 0.166909 -0.237295 8.892892
 587.000000 -0.888760 0.673796 -0.848084 29.258486
 588.000000 -0.003636 -0.149163 -0.624179 7.797984
 589.000000 -0.617307 0.620201 -0.954533 26.556702
 590.000000 -0.497485 0.331881 -0.677980 18.626421
 591.000000 -0.873509 0.530640 -0.656680 23.708220
 592.000000 -0.211140 -0.019316 -0.793926 18.498309
 593.000000 0.057001 -0.303547 -0.791884 18.672277
 594.000000 0.588130 -1.124686 -0.244527 11.960937
 595.000000 -0.050445 0.059790 -1.058780 22.032148
 596.000000 -0.159022 -0.885941 0.194295 5.736259
 597.000000 0.394095 -0.234355 -1.108231 21.952527
 598.000000 0.742849 -0.830777 -0.705604 26.735650
 599.000000 -0.419257 -1.261054 0.826146 16.547153
 600.000000 0.968639 -0.479389 -1.106377 20.309578
 601.000000 0.592931 -0.432923 -1.007083 27.814023
 602.000000 0.958665 -0.471213 -1.100194 20.087044
 603.000000 0.514959 -0.438816 -0.929734 25.229382
 604.000000 0.085703 -0.259906 -0.863520 20.158190
 605.000000 -0.424612 -0.192348 -0.508243 11.829382
 606.000000 0.818132 -1.059778 -0.464802 22.310287
 607.000000 0.898436 -0.553587 -1.110089 29.459980
 608.000000 0.100063 -0.367052 -0.651929 15.422865
 609.000000 -0.214213 0.048055 -0.875857 20.240051
 610.000000 -1.048084 0.371796 -0.442503 14.999704
 611.000000 -1.050392 0.492688 -0.618074 20.556812
 612.000000 -1.104041 0.336347 -0.401629 10.624984
 613.000000 -0.722504 0.630113 -1.107454 25.511086
 614.000000 -0.208232 -0.332756 -0.537292 12.036109
 615.000000 0.386185 -0.536121 -0.693276 21.664507
 616.000000 0.141588 -0.445309 -0.592416 14.804172
 617.000000 0.305447 -1.307901 0.305723 3.807223
 618.000000 -0.207136 -1.183562 0.849874 13.701593
 619.000000 0.011875 -0.971970 0.442300 5.235546
 620.000000 -0.487657 -0.737383 0.591161 6.547031
 621.000000 -0.426088 -0.779411 0.589485 6.788510
 622.000000 -0.158966 -1.099771 0.439636 9.643678
 623.000000 -0.473649 -0.960728 0.822901 13.758280
 624.000000 -0.713483 -0.606071 0.617400 7.338342
 625.000000 -0.323822 -0.733966 0.455466 6.156076
 626.000000 -0.613360 0.532070 -1.107426 23.083753
 627.000000 -0.462059 0.200099 -0.542087 15.337912
 628.000000 -0.157471 -0.658745 -0.072279 4.218323
 629.000000 -1.178493 -0.667762 0.856672 25.397369
 630.000000 -0.996859 -0.454991 0.467706 7.597223
 631.000000 -0.735575 -0.634403 0.417439 9.271405
 632.000000 0.827105 -0.617224 -0.954275 29.542895
 633.000000 -0.446232 -0.273956 -0.395877 7.816777
 634.000000 -0.400336 -0.326775 -0.376227 6.840346
 635.000000 -1.037352 0.525246 -0.672808 22.236479
 636.000000 -0.147291 -0.100087 -0.849963 17.951003
 637.000000 -0.166650 -0.436994 -0.453330 8.502590
 638.000000 0.302186 0.037436 -1.033482 12.146155
 639.000000 -0.304874 0.052632 -0.491547 9.343992
 640.000000 0.649571 -0.432727 -1.090327 26.674146
 641.000000 -0.234471 0.223941 -1.108755 19.559837
 642.000000 -0.559577 0.686998 -1.105515 21.552908
 643.000000 -0.708973 -0.041068 -0.051217 3.760935
 644.000000 0.055560 0.157563 -1.010444 15.271262
 645.000000 -0.795880 0.073830 -0.126892 5.240702
 646.000000 -0.914179 0.242043 -0.256999 7.157777
 647.000000 -0.247692 0.482068 -1.108799 15.214437
 648.000000 -0.451412 0.598095 -1.095787 21.522439
 649.000000 -0.959787 0.700374 -0.907315 26.781498
 650.000000 -0.053159 0.080338 -1.106527 19.388600
 651.000000 0.199442 -0.422530 -0.772426 20.113889
 652.000000 0.405600 -0.681524 -0.637086 20.023264
 653.000000 -0.347021 0.256690 -1.011368 24.292028
 654.000000 -0.406591 0.157307 -0.910944 20.161706
 655.000000 0.618429 -0.550978 -0.871908 26.689331
 656.000000 0.080886 -0.195250 -0.849706 20.518662
 657.000000 1.061410 -0.603039 -1.090522 27.018266
 658.000000 1.055296 -0.605809 -1.110356 26.285575
 659.000000 -0.517339 -0.752380 0.353299 9.523304
 660.000000 -0.466735 -0.976095 0.833457 13.811270
 661.000000 -0.109450 0.011277 -0.610284 7.047683
 662.000000 -0.843869 0.508517 -0.644474 23.205628
 663.000000 0.407357 -0.511756 -0.742187 22.224372
 664.000000 -0.206948 -0.449722 -0.403977 6.587922
 665.000000 0.178753 -0.348624 -0.745707 18.889450
 666.000000 -0.492597 0.434472 -1.100250 22.415544
 667.000000 1.045480 -0.726053 -0.930214 26.398028
 668.000000 0.951455 -0.810984 -0.781340 30.316054
 669.000000 -0.438365 0.324687 -1.003111 24.931445
 670.000000 0.330184 -1.201504 0.160960 3.596658
 671.000000 0.957454 -0.946584 -0.601155 19.783004
 672.000000 -1.233443 -0.646683 0.883499 22.150675
 673.000000 -0.986048 -0.855939 0.869354 19.903943
 674.000000 0.845297 -0.853830 -0.656939 27.640119
 675.000000 0.104638 -0.030226 -1.100732 20.124777
 676.000000 -0.382300 -1.352178 0.884834 9.741104
 677.000000 -0.019492 -1.216626 0.737130 13.912504
 678.000000 -0.902451 -0.546709 0.475940 9.632775
 679.000000 0.520615 -0.672135 -0.636082 21.762834
 680.000000 0.674637 -1.352743 0.086987 1.291935
 681.000000 -0.016950 -0.944340 0.141712 4.284178
 682.000000 -0.035566 -0.222847 -0.806434 18.313149
 683.000000 -0.837614 0.471077 -0.853940 24.067946
 684.000000 -0.897744 0.715007 -0.930196 31.132443
 685.000000 -0.831545 0.063365 -0.088436 3.998469
 686.000000 0.141624 -0.251500 -0.515024 2.401997
 687.000000 -0.390250 0.489866 -0.973114 21.135937
 688.000000 -0.703504 0.591046 -0.848813 25.902663
 689.000000 -0.632147 0.496754 -0.780401 24.537842
 690.000000 -0.120476 0.324559 -0.999961 15.248024
 691.000000 0.194135 -0.218310 -0.603823 2.880361
 692.000000 0.197775 -0.224099 -0.989937 22.502423
 693.000000 0.441864 -0.314865 -1.030463 25.330152
 694.000000 0.945355 -0.456203 -1.105563 18.906658
 695.000000 0.501918 -0.541404 -0.785644 23.292008
 696.000000 -0.212674 -0.265440 -0.610087 13.685022
 697.000000 0.495651 -0.074744 -1.108820 12.453378
 698.000000 0.253446 0.045758 -1.048215 13.947494
 699.000000 0.899130 -0.843344 -0.778065 30.473546
 700.000000 0.722383 -0.867760 -0.647870 24.961735
 701.000000 -0.105943 -0.405693 -0.540987 12.136324
 702.000000 0.541047 -1.199443 -0.003980 5.111945
 703.000000 -0.517173 -1.168357 0.807444 18.012037
 704.000000 0.316202 -1.723653 0.774072 14.005287
 705.000000 1.014230 -0.752321 -0.891645 28.458802
 706.000000 0.183034 -1.119150 0.181284 4.776413
 707.000000 -0.175669 -0.735042 0.033113 3.746549
 708.000000 0.039551 -0.451712 -0.493964 11.880203
 709.000000 0.884761 -0.920050 -0.672079 26.859337
 710.000000 0.225477 -0.409867 -0.710817 19.104101
 711.000000 -0.737584 0.380872 -0.855015 22.490651
 712.000000 -0.457313 0.395920 -1.082880 23.470967
 713.000000 1.022203 -0.842123 -0.748922 21.222552
 714.000000 -0.489584 -0.301634 -0.325080 4.589663
 715.000000 0.571522 -0.368327 -1.080188 25.786607
 716.000000 0.799543 -0.760658 -0.744457 28.855321
 717.000000 -0.480484 -0.012499 -0.660832 15.320210
 718.000000 -0.748335 0.784515 -1.101830 27.748305
 719.000000 0.896786 -0.755241 -0.887598 31.398168
 720.000000 0.697521 -0.943385 -0.436361 20.732225
 721.000000 0.450187 -0.372061 -0.960246 24.239599
 722.000000 -0.460847 -0.767638 0.320658 8.672826
 723.000000 -0.137106 -0.799474 0.074938 3.915496
 724.000000 0.786218 -0.507949 -1.098588 28.701670
 725.000000 -0.782405 0.282153 -0.707275 20.195505
 726.000000 -0.820536 0.563844 -0.964627 25.635515
 727.000000 -0.466454 0.405441 -1.086165 23.325579
 728.000000 0.843024 -0.943808 -0.625677 26.318240
 729.000000 -0.525666 -0.117536 -0.502424 10.706178
 730.000000 -0.832381 0.658943 -0.851794 28.481881
 731.000000 -0.136790 0.402142 -1.109140 13.696877
 732.000000 0.715828 -0.274335 -1.062200 13.794659
 733.000000 -0.456842 0.099484 -0.422091 11.155827
 734.000000 0.005510 0.083556 -0.804181 10.048955
 735.000000 0.745164 -0.278960 -1.095029 13.377991
 736.000000 -0.355218 0.130962 -0.926320 20.514970
 737.000000 -1.009078 0.370454 -0.568721 20.514195
 738.000000 -0.260198 -0.113349 -0.327286 4.274300
 739.000000 0.534453 -1.957669 0.888084 18.292719
 740.000000 0.897897 -1.171520 -0.273018 7.599097
 741.000000 -1.124125 0.280015 -0.315701 6.893269
 742.000000 -0.121929 0.363403 -1.052883 15.222555
 743.000000 -0.702926 0.770103 -1.101739 25.029830
 744.000000 0.908707 -0.896297 -0.675213 27.444488
 745.000000 0.323799 -0.311542 -0.924719 23.283618
 746.000000 -0.800584 -0.998461 0.859065 18.858865
 747.000000 -0.207074 -1.491805 0.888459 8.712882
 748.000000 -0.363447 -1.377598 0.890083 8.595016
 749.000000 -0.993543 -0.846397 0.866660 20.333174
 750.000000 0.492524 -1.934026 0.885593 17.598194
 751.000000 -0.426641 -1.057807 0.882703 12.293744
 752.000000 -0.339671 -0.291283 -0.047008 3.180325
 753.000000 -0.766276 0.612297 -0.831685 26.442517
 754.000000 0.008171 -0.079639 -0.603501 5.225286
 755.000000 0.207125 0.144826 -1.085901 12.303984
 756.000000 1.001833 -0.514587 -1.108627 22.787457
 757.000000 0.100748 -0.698967 -0.248813 9.153279
 758.000000 0.350318 -1.182539 0.122633 4.027597
 759.000000 -0.058186 -0.635115 -0.187260 6.374024
 760.000000 0.264032 -0.080440 -0.925390 11.716033
 761.000000 -0.890961 0.838564 -1.108225 27.222298
 762.000000 0.467232 -0.927639 -0.394115 14.183566
 763.000000 -0.124168 0.033060 -1.011269 21.046397
 764.000000 0.203359 -0.812668 -0.199512 10.104377
 765.000000 1.061495 -0.604043 -1.100836 26.336200
 766.000000 0.314703 -1.101501 0.054466 5.678030
 767.000000 0.743996 -0.632954 -0.937602 28.050206
 768.000000 0.059455 -0.583366 -0.474385 10.991143
 769.000000 -0.155788 0.163721 -1.109100 19.888011
 770.000000 -0.490157 -1.090198 0.703659 16.382840
 771.000000 -0.966726 -0.703046 0.702258 21.616543
 772.000000 -1.037782 -0.840433 0.890456 17.231304
 773.000000 -1.137199 -0.652251 0.805977 27.229151
 774.000000 0.046644 -1.196119 0.660116 11.408812
 775.000000 -0.685119 0.759533 -1.108564 23.993511
 776.000000 0.139449 0.064618 -0.906036 8.869204
 777.000000 1.053299 -0.601162 -1.110430 26.388888
 778.000000 -0.070430 0.357415 -1.103575 12.416107
 779.000000 -0.750540 0.463835 -0.929285 24.331344
 780.000000 1.050156 -0.679974 -1.001622 29.035725
 781.000000 0.027910 -0.562926 -0.349066 10.000143
 782.000000 -0.204019 -1.128070 0.508931 10.321744
 783.000000 -0.676149 -1.063685 0.826340 18.217709
 784.000000 -1.088255 -0.577218 0.685327 19.662799
 785.000000 0.031407 0.025430 -1.108974 18.234447
 786.000000 -0.168104 -0.319702 -0.158489 2.220122
 787.000000 -0.437419 0.238290 -0.610017 16.449758
 788.000000 -0.561309 0.465883 -1.092098 22.970719
 789.000000 -0.676318 0.753828 -1.098785 24.552474
 790.000000 -0.185133 0.259053 -0.854041 13.834590
 791.000000 -0.006452 -0.210003 -0.431540 2.516083
 792.000000 -0.842667 -0.085495 0.101547 0.834764
 793.000000 -1.136711 0.237055 -0.241403 4.823161
 794.000000 -0.658705 0.685111 -1.010020 28.493822
 795.000000 -1.021800 0.435874 -0.536979 20.421353
 796.000000 -0.945381 0.723043 -0.939623 27.450981
 797.000000 -1.099411 0.350743 -0.421454 11.591910
 798.000000 0.472863 -0.299340 -1.105039 23.095045
 799.000000 0.361129 -0.235872 -1.094096 22.922632
 800.000000 0.474619 -0.953640 -0.368595 13.212292
 801.000000 0.266088 -0.445620 -0.798913 21.367013
 802.000000 -0.888257 0.770743 -1.013761 32.993774
 803.000000 0.234079 -0.238109 -0.616858 2.835253
 804.000000 -0.737881 0.368475 -0.536724 19.787190
 805.000000 -0.108920 -0.202213 -0.474149 5.814730
 806.000000 -0.540869 -0.190532 -0.405775 6.977430
 807.000000 -0.578226 0.697322 -1.108871 21.793946
 808.000000 -0.314653 0.410103 -0.934343 18.077747
 809.000000 -0.318491 0.525225 -1.107800 17.433527
 810.000000 -0.697509 0.657327 -0.941639 27.166703
 811.000000 -0.798112 0.290294 -0.394781 13.537544
 812.000000 0.695065 -1.801144 0.681860 11.318320
 813.000000 0.361964 -1.820336 0.847206 16.626185
 814.000000 0.765630 -0.864988 -0.585682 24.393481
 815.000000 1.059285 -0.628776 -1.044261 29.131549
 816.000000 0.754849 -0.826425 -0.626767 25.267063
 817.000000 0.621890 -1.220385 -0.038214 5.159143
 818.000000 0.869406 -1.021007 -0.508884 22.099816
 819.000000 -0.166235 -0.075748 -0.860931 18.287652
 820.000000 0.339661 -1.253087 0.214586 3.129250
 821.000000 -0.130198 0.004627 -0.903125 19.919923
 822.000000 0.945113 -0.733095 -0.882472 32.308630
 823.000000 -0.547259 -1.140137 0.802219 17.858131
 824.000000 -0.619942 -0.635979 0.313999 6.455853
 825.000000 -0.016413 -1.261880 0.507351 8.502347
 826.000000 -1.027935 -0.382415 0.420970 3.830588
 827.000000 -1.182617 -0.422166 0.723940 15.752030
 828.000000 -0.658513 -0.578575 0.544374 5.177367
 829.000000 0.428019 -1.500491 0.651374 11.819701
 830.000000 -1.235838 -0.359919 0.649675 10.511456
 831.000000 -1.324056 -0.530191 0.890787 18.100540
 832.000000 0.657241 -0.756526 -0.640317 24.761909
 833.000000 0.998222 -0.869516 -0.720504 22.474511
 834.000000 -0.602715 -0.888117 0.579228 14.671512
 835.000000 0.853863 -1.072833 -0.380411 17.884500
 836.000000 -0.049842 -0.070235 -0.885278 19.465870
 837.000000 -1.291030 -0.585770 0.885758 21.159614
 838.000000 -1.040249 -0.510297 0.569157 13.557321
 839.000000 -0.343263 -0.833291 0.292509 8.247497
 840.000000 0.577799 -1.621306 0.635502 10.376788
 841.000000 -0.794086 -0.615873 0.688203 9.590054
 842.000000 -0.341888 -0.871827 0.335250 8.943364
 843.000000 0.447802 -0.846209 -0.360939 14.597370
 844.000000 -0.841870 0.740700 -1.071058 34.012969
 845.000000 -0.507409 0.433613 -0.799374 21.064605
 846.000000 -0.545972 0.064852 -0.307401 9.456562
 847.000000 0.896683 -0.418182 -1.087253 18.286431
 848.000000 -0.201401 0.038365 -0.562969 8.087328
 849.000000 -1.121319 0.289308 -0.322044 7.171621
 850.000000 -0.627386 0.124606 -0.432319 13.548082
 851.000000 -0.320304 0.268040 -0.746458 15.234069
 852.000000 0.582627 -0.150274 -1.082967 13.296181
 853.000000 0.075865 -0.055782 -0.694568 6.457037
 854.000000 -0.591343 0.545379 -0.876024 24.659375
 855.000000 -0.047435 -1.045059 0.574389 7.851563
 856.000000 0.219886 -1.090017 0.392164 3.635687
 857.000000 0.349967 -1.560849 0.783340 16.334469
 858.000000 -0.066172 -1.136572 0.690026 12.076847
 859.000000 -0.749343 0.445725 -0.626847 22.719531
 860.000000 0.003443 0.300240 -1.094771 12.297443
 861.000000 -0.705958 0.769860 -1.107965 24.803560
 862.000000 -1.060637 0.442031 -0.535633 17.750406
 863.000000 0.439683 -0.409886 -0.718268 11.685528
 864.000000 0.575091 -0.887920 -0.521343 20.600557
 865.000000 -0.578030 -0.340781 -0.199145 0.997640
 866.000000 -0.884680 0.684791 -0.864696 29.556212
 867.000000 0.413633 -0.262189 -0.758847 5.326659
 868.000000 -0.226784 0.101728 -0.619218 9.815266
 869.000000 0.496166 -0.069736 -1.103773 12.302006
 870.000000 1.016455 -0.827473 -0.741342 21.744956
 871.000000 0.714387 -0.251595 -1.110250 12.285008
 872.000000 -0.920589 -0.678220 0.844217 16.083217
 873.000000 -1.315701 -0.525840 0.878500 19.869677
 874.000000 -1.306673 -0.520765 0.885766 19.926082
 875.000000 -0.237564 -0.614665 -0.053351 3.149467
 876.000000 -1.031788 -0.678293 0.735792 23.595759
 877.000000 -0.878462 -0.733324 0.871833 15.566174
 878.000000 -0.964683 -0.723015 0.721114 22.622113
 879.000000 -0.123233 -1.499165 0.848211 12.494254
 880.000000 -1.309388 -0.514939 0.874577 20.391041
 881.000000 -0.430990 -1.173631 0.744668 17.891850
 882.000000 1.018426 -0.841727 -0.732760 21.005735
 883.000000 0.438100 -0.647721 -0.597912 19.683519
 884.000000 -1.112603 -0.585360 0.716994 21.614034
 885.000000 -0.489503 -0.490661 0.029365 2.394497
 886.000000 0.672191 -1.173246 -0.132325 9.023254
 887.000000 -1.238343 -0.404781 0.723585 15.226828
 888.000000 1.048498 -0.702127 -0.935644 26.521654
 889.000000 0.934542 -0.873865 -0.687744 27.022928
 890.000000 0.554604 -0.678602 -0.752408 24.367298
 891.000000 -0.148757 0.160597 -1.102042 20.532415
 892.000000 -0.633115 0.536756 -1.099238 23.778402
 893.000000 -0.674748 -0.192928 -0.279397 2.762987
 894.000000 -0.773689 0.528919 -0.973809 25.064023
 895.000000 -0.600082 -1.090846 0.793632 18.170039
 896.000000 -0.807688 0.418678 -0.828416 22.982906
 897.000000 -0.316821 0.194331 -1.023879 22.373472
 898.000000 0.308601 -0.705125 -0.418278 13.531847
 899.000000 0.218481 -0.838969 -0.180607 9.575551
 900.000000 1.057664 -0.609157 -1.105749 26.508259
 901.000000 0.682679 -0.768500 -0.645132 25.183725
 902.000000 0.415642 -1.226101 0.123633 3.597743
 903.000000 0.047860 -0.567439 -0.361121 10.399401
 904.000000 -1.041162 -0.528063 0.588747 14.823582
 905.000000 0.613240 -1.978454 0.885629 18.765393
 906.000000 -0.136010 0.332352 -0.995635 15.461410
 907.000000 -0.212786 -0.114479 -0.366492 4.650726
 908.000000 -0.630913 0.354561 -0.924432 22.128468
 909.000000 -0.271511 -0.224085 -0.606353 13.203508
 910.000000 0.496408 -0.651115 -0.741112 23.180025
 911.000000 0.446648 -0.976397 -0.201254 10.556127
 912.000000 0.161554 -0.371717 -0.701366 17.464332
 913.000000 -1.009711 -0.814872 0.850906 22.421595
 914.000000 -0.567772 -1.134512 0.812571 17.454989
 915.000000 0.100275 -1.413989 0.587498 7.284126
 916.000000 -0.055909 -0.350432 -0.531458 12.117882
 917.000000 0.881932 -0.424271 -1.056793 19.449469
 918.000000 0.663375 -1.485798 0.257651 0.166420
 919.000000 -1.280076 -0.473428 0.820515 21.898372
 920.000000 -0.997404 -0.677930 0.888645 17.428361
 921.000000 0.584405 -1.947848 0.858140 22.267897
 922.000000 0.122787 -1.395914 0.549551 6.407181
 923.000000 0.835208 -0.697839 -0.852959 30.185285
 924.000000 -0.100870 -0.529451 -0.275470 6.159285
 925.000000 -0.761226 -0.973632 0.804163 22.165552
 926.000000 -0.194709 -0.652500 -0.046865 3.715004
 927.000000 -1.133598 -0.431252 0.707918 13.876096
 928.000000 -0.843107 -0.841869 0.737663 22.615393
 929.000000 0.524285 -0.469781 -0.897256 25.217737
 930.000000 0.752931 -0.491759 -1.068327 29.929244
 931.000000 0.256378 -0.743849 -0.327141 11.458355
 932.000000 -0.389014 0.349398 -1.100395 21.656588
 933.000000 0.384547 -0.229283 -1.110052 21.711321
 934.000000 0.021185 -0.485650 -0.555624 12.626234
 935.000000 -0.281742 0.082354 -0.935887 20.119828
 936.000000 0.026576 -0.353686 -0.710660 16.534183
 937.000000 0.924066 -0.741934 -0.916819 31.579254
 938.000000 -0.999297 0.627000 -0.813820 24.846051
 939.000000 -0.110139 0.000540 -0.988469 20.198696
 940.000000 -0.208768 -0.201043 -0.686108 14.542441
 941.000000 0.569061 -1.013154 -0.366664 14.984534
 942.000000 0.816231 -1.085523 -0.340714 18.070877
 943.000000 1.029664 -0.807659 -0.792437 22.545927
 944.000000 -0.182521 -0.053036 -0.872228 18.591292
 945.000000 -0.186398 -0.258583 -0.640269 14.257516
 946.000000 0.421658 -0.892009 -0.401882 13.635748
 947.000000 0.666417 -0.211457 -1.096853 12.136082
 948.000000 -0.685901 0.198896 -0.707703 18.579829
 949.000000 0.050799 -0.155173 -0.950118 20.869218
 950.000000 -1.056737 0.457216 -0.588447 19.731225
 951.000000 -0.820941 -0.082367 -0.265809 2.762886
 952.000000 0.701633 -0.676326 -0.859378 27.882665
 953.000000 -0.822829 0.547213 -0.708390 24.904615
 954.000000 0.636110 -0.188173 -1.109342 12.271289
 955.000000 0.079286 -1.383428 0.828664 15.646367
 956.000000 -0.474344 -1.019809 0.614076 13.787401
 957.000000 -0.402017 -1.152956 0.699124 16.005507
 958.000000 -0.798251 -0.614569 0.689782 9.651110
 959.000000 0.097553 -1.221948 0.644814 10.818789
 960.000000 -0.333319 -0.814356 0.554060 6.342920
 961.000000 0.018034 -0.954503 0.417334 5.306291
 962.000000 -0.722622 -0.675976 0.451685 10.394443
 963.000000 -0.734427 -0.711689 0.501716 12.760107
 964.000000 -0.297182 -0.872759 0.590020 6.764865
 965.000000 -0.695564 -0.111273 0.023413 2.063958
 966.000000 -0.392085 0.187227 -0.584206 14.910676
 967.000000 -0.991536 -0.652833 0.672598 19.874689
 968.000000 -1.273457 -0.450272 0.785135 19.830469
 969.000000 -0.845583 -0.975637 0.871349 18.381994
 970.000000 -0.995791 -0.871450 0.887742 17.262942
 971.000000 0.078232 -1.355362 0.538296 7.356729
 972.000000 0.791038 -1.591924 0.346608 0.184119
 973.000000 -1.309312 -0.549485 0.880171 20.675460
 974.000000 0.246867 -0.744139 -0.318770 11.343089
 975.000000 -0.997275 -0.792436 0.819461 24.546940
 976.000000 -1.283777 -0.592848 0.884645 21.592824
 977.000000 0.292054 -0.992619 -0.057198 8.488673
 978.000000 0.179059 -0.599425 -0.553553 13.866609
 979.000000 0.226924 -0.000338 -0.980099 12.973207
 980.000000 -0.499762 -0.084934 -0.162594 6.783166
 981.000000 -0.995732 -0.658722 0.871411 17.633161
 982.000000 -0.281674 -1.074615 0.796358 12.980473
 983.000000 -0.818263 -0.726451 0.825786 14.298058
 984.000000 -0.688973 0.661118 -0.953278 27.404889
 985.000000 -0.305672 0.013608 -0.443043 8.783267
 986.000000 0.690660 -0.923745 -0.455808 21.140120
 987.000000 0.278642 -1.162998 0.156174 4.135577
 988.000000 -0.494355 -0.661503 0.229766 5.038051
 989.000000 0.203467 -0.612763 -0.441383 12.627742
 990.000000 -0.732808 -0.894173 0.697883 19.791371
 991.000000 0.024711 -0.971836 0.138913 4.518007
 992.000000 0.399679 -1.630769 0.610953 8.106536
 993.000000 0.113796 -1.703343 0.885470 12.451039
 994.000000 0.236201 -0.134310 -1.084621 22.160319
 995.000000 0.008810 -1.067312 0.263368 5.393729
 996.000000 0.093697 -0.184309 -0.875714 20.940802
 997.000000 -0.955647 0.665416 -0.919323 27.731969
 998.000000 -0.532944 0.215057 -0.863400 19.496548
 999.000000 -0.444624 -0.055321 -0.243299 7.355520
 1000.000000 -1.182562 -0.233076 0.475535 1.513617
 1001.000000 -0.011468 -1.134275 0.357446 6.191561
 1002.000000 -1.022802 -0.339418 0.369623 1.690622
 1003.000000 0.607404 -0.611695 -0.784302 25.616045
 1004.000000 0.580973 -1.716487 0.728578 16.197973
 1005.000000 -0.318926 0.457901 -1.045261 20.923112
 1006.000000 -0.858849 0.593543 -0.748809 26.207693
 1007.000000 -0.480304 0.166755 -0.485803 13.716688
 1008.000000 0.672125 -0.443324 -0.892019 17.768479
 1009.000000 -0.261709 0.269083 -0.798777 14.314019
 1010.000000 -0.253447 -1.176522 0.875330 12.345080
 1011.000000 -0.460212 -1.263080 0.858157 14.338401
 1012.000000 0.273054 -1.812326 0.878545 13.101341
 1013.000000 0.148010 -0.967777 0.318548 3.062945
 1014.000000 0.365142 -1.665171 0.869657 14.797154
 1015.000000 0.107149 -1.448820 0.869054 13.951513
 1016.000000 -0.746645 -0.714178 0.515443 13.566039
 1017.000000 0.910085 -0.678615 -0.932903 31.653788
 1018.000000 -0.571259 0.672100 -1.066476 25.255654
 1019.000000 0.902229 -1.091629 -0.382081 13.503696
 1020.000000 1.059726 -0.657641 -1.027656 28.851989
 1021.000000 0.828744 -0.981837 -0.481191 23.185093
 1022.000000 0.418338 -1.881414 0.874847 16.961304
 1023.000000 -0.407428 -1.200735 0.754564 17.889234
 1024.000000 0.728142 -0.828515 -0.604030 24.419076
 1025.000000 0.214506 -1.747120 0.866128 14.406702
 1026.000000 -0.120153 -1.273241 0.603373 9.120362
 1027.000000 0.744926 -0.474885 -1.087185 28.783128
 1028.000000 0.257240 -1.143453 0.150167 4.477408
 1029.000000 -0.215492 -0.847184 0.197933 6.398733
 1030.000000 -0.072835 0.077122 -1.059345 22.406721
 1031.000000 -0.861352 0.011859 -0.332460 5.741744
 1032.000000 -0.339597 0.296860 -1.077505 22.857261
 1033.000000 0.395661 -0.563614 -0.765337 21.953418
 1034.000000 0.148084 -0.156570 -0.744613 9.278399
 1035.000000 0.026900 -0.226623 -0.853069 19.717799
 1036.000000 0.316961 -0.187040 -1.108150 21.178914
 1037.000000 -0.351584 -0.462933 0.165374 2.630988
 1038.000000 0.313544 -1.595872 0.847674 15.073921
 1039.000000 0.064444 -1.301473 0.757307 14.617577
 1040.000000 0.465708 -0.439986 -0.708550 12.059770
 1041.000000 -0.697274 0.378952 -0.890168 22.521918
 1042.000000 0.125766 -0.221053 -0.937748 21.110876
 1043.000000 -0.325956 0.299617 -1.102826 20.918984
 1044.000000 -1.038367 0.524876 -0.662956 21.944787
 1045.000000 -0.869735 0.831567 -1.085306 30.610747
 1046.000000 -0.320934 -0.016478 -0.795672 18.389470
 1047.000000 -0.676421 0.420452 -0.952100 23.624003
 1048.000000 -0.109075 0.015153 -1.004559 20.732203
 1049.000000 -0.471276 0.297722 -1.003081 22.897564
 1050.000000 0.237626 -1.101275 0.116098 5.409369
 1051.000000 0.705780 -0.780719 -0.647578 25.447790
 1052.000000 0.831530 -1.064009 -0.377934 19.224562
 1053.000000 0.577942 -0.707395 -0.638750 23.064713
 1054.000000 -0.276231 -0.517976 -0.132312 2.149384
 1055.000000 0.366597 -1.382561 0.346437 2.496117
 1056.000000 0.934024 -0.926913 -0.616846 23.104779
 1057.000000 -0.322562 0.294525 -1.109019 20.298025
 1058.000000 -0.010944 -1.227902 0.464297 7.821129
 1059.000000 -0.557332 -0.952244 0.872552 12.990142
 1060.000000 -0.436749 0.337026 -0.734809 18.464678
 1061.000000 -0.252298 0.457448 -1.057581 17.485566
 1062.000000 -0.475243 0.353254 -0.723343 19.214419
 1063.000000 -0.050568 -1.169202 0.712203 12.977822
 1064.000000 -0.848212 -0.753567 0.872329 15.122180
 1065.000000 -0.175693 -1.265644 0.639443 10.090470
 1066.000000 -0.935270 -0.403348 0.351162 2.574097
 1067.000000 -0.806560 -0.711893 0.566928 16.563547
 1068.000000 0.201119 -0.443911 -0.646833 17.074662
 1069.000000 0.804258 -0.867252 -0.610801 25.706435
 1070.000000 -0.417207 -0.503770 0.266914 1.756051
 1071.000000 0.034874 -1.397876 0.874852 13.457392
 1072.000000 0.547919 -1.662343 0.706559 15.020844
 1073.000000 -0.718271 0.655663 -0.923847 26.996402
 1074.000000 -0.770254 0.447191 -0.613857 22.356840
 1075.000000 0.893497 -0.669173 -0.988449 30.928226
 1076.000000 0.044554 -0.234431 -0.858671 19.909169
 1077.000000 -0.663197 0.310560 -0.848990 21.138776
 1078.000000 -1.102933 0.331224 -0.376335 9.731785
 1079.000000 -0.913574 0.739405 -1.034049 30.362225
 1080.000000 0.041499 0.268447 -1.087427 12.738196
 1081.000000 -0.886403 0.805983 -1.107248 29.781478
 1082.000000 -0.975801 0.463249 -0.701758 25.109313
 1083.000000 0.842039 -0.696232 -0.860153 30.279862
 1084.000000 -1.058401 0.101038 -0.226415 3.523910
 1085.000000 -0.936630 0.772163 -1.017362 27.619947
 1086.000000 0.807098 -0.971930 -0.572205 25.476142
 1087.000000 0.353539 -1.078848 -0.125010 6.535241
 1088.000000 -0.309871 -0.330635 -0.451622 9.472046
 1089.000000 0.198894 -0.104820 -1.089161 21.715194
 1090.000000 -0.055547 -0.323385 -0.677071 15.780151
 1091.000000 0.702027 -0.804693 -0.709441 26.247011
 1092.000000 0.724820 -1.284527 -0.129949 6.861915
 1093.000000 0.755244 -0.810002 -0.647997 25.856961
 1094.000000 -1.048144 -0.826671 0.888046 17.956337
 1095.000000 0.443618 -1.369559 0.496641 4.909963
 1096.000000 0.115240 -1.386274 0.802902 15.861840
 1097.000000 0.068371 -1.317892 0.771140 15.092952
 1098.000000 0.573949 -1.718258 0.737222 16.636072
 1099.000000 0.262829 -1.490383 0.786442 15.898272
 1100.000000 -0.313156 0.487292 -1.040750 19.600181
 1101.000000 -0.368166 -0.141422 -0.615606 13.404074
 1102.000000 0.047687 -0.645240 -0.392572 9.615240
 1103.000000 -0.204807 -0.126336 -0.772919 16.579474
 1104.000000 -0.881868 0.387461 -0.722426 22.143908
 1105.000000 0.527320 -0.847350 -0.534551 19.616446
 1106.000000 0.103508 -0.027464 -1.106587 19.553670
 1107.000000 -0.663881 0.580968 -1.097528 25.719294
 1108.000000 -0.433419 0.344924 -1.079276 22.727244
 1109.000000 -0.114270 -0.165450 -0.805248 17.061833
 1110.000000 -1.076311 0.403762 -0.480813 14.914437
 1111.000000 1.022839 -0.538717 -1.105553 24.532154
 1112.000000 -0.671797 0.338686 -0.548460 19.747310
 1113.000000 -0.884792 0.809364 -1.074808 32.023408
 1114.000000 -0.452310 0.401946 -1.102600 21.904973
 1115.000000 0.163801 -0.969249 0.020191 6.934029
 1116.000000 -0.652755 -0.787878 0.512771 12.605361
 1117.000000 0.226486 -1.572219 0.670083 8.873019
 1118.000000 -0.803557 -0.764577 0.621129 18.673915
 1119.000000 -0.335582 -0.811446 0.260851 7.552289
 1120.000000 -0.395561 -1.255144 0.802093 17.370538
 1121.000000 -0.068233 0.084098 -1.075173 21.793078
 1122.000000 0.919002 -1.147792 -0.311296 8.107556
 1123.000000 -0.326977 -0.241411 -0.538532 12.066564
 1124.000000 0.855005 -0.593364 -1.008867 31.176986
 1125.000000 -0.671114 0.588930 -1.101093 25.572362
 1126.000000 -0.712500 0.545160 -1.044313 25.750447
 1127.000000 -0.624068 0.464354 -0.744984 23.755728
 1128.000000 0.377096 -1.193619 0.364949 2.450788
 1129.000000 -0.856672 0.841260 -1.104866 28.657463
 1130.000000 0.106957 -0.468324 -0.645972 15.527678
 1131.000000 -0.709887 -0.060869 -0.396497 6.094457
 1132.000000 -0.944221 0.408084 -0.679553 23.244622
 1133.000000 0.176262 -1.162916 0.238066 4.594073
 1134.000000 -0.075488 -0.751984 -0.033951 5.986073
 1135.000000 0.986150 -0.884756 -0.696380 22.490490
 1136.000000 0.522339 -0.152639 -1.061000 15.483958
 1137.000000 1.024948 -0.609034 -1.110831 29.089076
 1138.000000 0.310717 -1.231289 0.211468 3.415529
 1139.000000 -0.497198 -1.246568 0.868695 13.628462
 1140.000000 -0.227643 -1.049367 0.439694 9.981077
 1141.000000 -0.454005 -1.033554 0.612061 13.571967
 1142.000000 -0.039299 -0.913386 0.124409 4.119217
 1143.000000 0.770509 -0.490288 -1.105606 27.802607
 1144.000000 0.208159 -0.103308 -1.107708 20.147550
 1145.000000 -0.161589 -0.779691 0.073016 3.733278
 1146.000000 -0.498120 0.646496 -1.108888 20.221636
 1147.000000 -0.257748 0.242647 -0.768692 13.762273
 1148.000000 -0.728883 0.292831 -0.447959 16.485455
 1149.000000 0.558346 -0.672923 -0.666153 23.266825
 1150.000000 -0.691617 -0.951216 0.723283 20.238755
 1151.000000 -1.215133 -0.309517 0.573315 6.099901
 1152.000000 -1.049439 -0.534806 0.774333 15.327230
 1153.000000 -0.490696 0.387095 -0.753609 20.176681
 1154.000000 -0.143003 0.241579 -0.869701 13.347945
 1155.000000 -0.573572 -0.235693 0.077243 1.789663
 1156.000000 -0.595417 0.426685 -0.719317 22.431940
 1157.000000 -0.255898 0.046530 -0.919035 19.642630
 1158.000000 0.820277 -1.027998 -0.507201 23.761985
 1159.000000 0.787787 -0.601778 -1.001179 29.048290
 1160.000000 -0.626708 -0.804119 0.507719 12.656522
 1161.000000 0.699813 -1.636333 0.522367 3.779278
 1162.000000 0.888570 -0.965724 -0.603689 24.434845
 1163.000000 0.751666 -0.547518 -1.037492 29.460527
 1164.000000 0.130952 -1.556091 0.722846 11.113698
 1165.000000 -0.115087 -1.209701 0.528033 9.223762
 1166.000000 0.198726 -0.940024 -0.043396 8.015819
 1167.000000 -0.348126 0.240801 -1.045528 22.868697
 1168.000000 -0.210592 0.206552 -1.097710 20.497500
 1169.000000 0.970743 -0.967738 -0.575494 16.666020
 1170.000000 -0.061930 -0.845446 0.362705 5.801458
 1171.000000 -0.667403 0.683205 -1.000386 28.488023
 1172.000000 -0.497933 0.129792 -0.425824 11.749683
 1173.000000 -0.577777 -0.231805 0.075946 1.768374
 1174.000000 -0.578586 0.465189 -0.782084 22.995482
 1175.000000 -0.668670 0.747670 -1.107410 23.888462
 1176.000000 -0.635845 0.028695 -0.192298 7.340199
 1177.000000 -0.268998 -0.636778 0.298788 4.266836
 1178.000000 0.124798 -1.133957 0.525004 7.284199
 1179.000000 -0.686822 -1.118484 0.883986 12.098321
 1180.000000 0.141960 -0.347355 -0.714128 17.364527
 1181.000000 -0.612893 -0.619660 0.289211 5.896849
 1182.000000 0.602087 -0.700243 -0.667344 24.289427
 1183.000000 0.930617 -0.783922 -0.865940 31.493326
 1184.000000 0.664825 -0.414898 -1.106701 25.343735
 1185.000000 0.682214 -0.448611 -1.066900 28.636610
 1186.000000 -0.772983 -0.633488 0.450645 10.540316
 1187.000000 -0.325320 -0.945666 0.404850 9.426749
 1188.000000 -0.645842 -0.974461 0.709402 19.020251
 1189.000000 -0.375774 -0.569321 0.017223 2.262583
 1190.000000 -0.156160 -0.449256 -0.448167 8.272030
 1191.000000 -0.968068 0.671431 -0.865857 26.965767
 1192.000000 -0.964174 0.702490 -0.911815 26.199411
 1193.000000 -0.190759 0.185875 -1.106698 19.827018
 1194.000000 -0.285500 -1.060089 0.500236 10.894499
 1195.000000 0.282005 -1.805701 0.880381 13.607188
 1196.000000 -1.162701 -0.714905 0.882624 21.531310
 1197.000000 -0.309157 -1.240687 0.718943 14.778743
 1198.000000 -0.726390 -0.570660 0.338077 6.773435
 1199.000000 0.414699 -1.868317 0.864233 17.549435
 1200.000000 -0.161856 -1.357446 0.728947 12.128316
 1201.000000 0.465654 -1.602865 0.723182 15.919472
 1202.000000 0.593635 -1.748800 0.747685 17.246469
 1203.000000 0.490947 -1.109699 -0.074440 7.966039
 1204.000000 0.154139 -0.697649 -0.296161 10.073057
 1205.000000 0.258848 -1.493179 0.556314 4.686662
 1206.000000 0.497223 -1.366395 0.229521 1.244948
 1207.000000 -0.217365 -0.724688 0.057432 3.455151
 1208.000000 0.762441 -1.347749 0.024548 1.465604
 1209.000000 0.847226 -0.585044 -1.055997 31.016687
 1210.000000 -0.360929 0.317675 -1.083457 22.683292
 1211.000000 0.118662 -0.729467 -0.227581 9.414058
 1212.000000 0.223742 -0.118591 -1.109259 20.123305
 1213.000000 0.656504 -1.916459 0.802117 20.627688
 1214.000000 -0.628353 -1.024680 0.747901 19.285067
 1215.000000 -0.682162 -0.607750 0.338928 7.080492
 1216.000000 0.069806 -0.588944 -0.354373 10.408773
 1217.000000 0.806360 -0.921139 -0.543420 24.535267
 1218.000000 0.516586 -0.317974 -1.106360 23.283782
