#! FIELDS l_1 file.free der_l_1
#! SET min_l_1 -10
#! SET max_l_1 4
#! SET nbins_l_1  201
#! SET periodic_l_1 false
  -10.000000000 -152.414817774   -0.000000000
   -9.930000000 -157.716114643  -39.500378083
   -9.860000000 -158.785965595    2.657216637
   -9.790000000 -158.166924333   10.398739528
   -9.720000000 -157.779958504   -0.794855071
   -9.650000000 -158.305607039  -13.169747206
   -9.580000000 -159.424871423  -17.101573046
   -9.510000000 -160.518876341  -13.166407124
   -9.440000000 -161.225632000   -7.064234548
   -9.370000000 -161.578852691   -3.570692338
   -9.300000000 -161.819641089   -3.708167993
   -9.230000000 -162.144701435   -5.555611665
   -9.160000000 -162.586936015   -6.739859362
   -9.090000000 -163.056549508   -6.323531929
   -9.020000000 -163.457854045   -5.021335172
   -8.950000000 -163.776282131   -4.141237028
   -8.880000000 -164.067964670   -4.237116445
   -8.810000000 -164.387230419   -4.759965418
   -8.740000000 -164.730011326   -4.814558517
   -8.670000000 -165.052369585   -4.223783635
   -8.600000000 -165.326900392   -3.596994330
   -8.530000000 -165.578969720   -3.616178750
   -8.460000000 -165.847034666   -4.336568009
   -8.390000000 -166.163235569   -4.911892798
   -8.320000000 -166.502342960   -4.980169896
   -8.250000000 -166.831172542   -4.694621331
   -8.180000000 -167.140177073   -4.468373124
   -8.110000000 -167.445302777   -4.531384780
   -8.040000000 -167.760768637   -4.833189307
   -7.970000000 -168.100931349   -5.129120079
   -7.900000000 -168.456102493   -5.347982844
   -7.830000000 -168.816029676   -5.147118006
   -7.760000000 -169.146838698   -4.511554142
   -7.690000000 -169.423898206   -3.726546144
   -7.620000000 -169.654309508   -3.236699263
   -7.550000000 -169.870679271   -3.384717055
   -7.480000000 -170.114372063   -3.935673201
   -7.410000000 -170.395605651   -4.308782693
   -7.340000000 -170.682215718   -4.041760202
   -7.270000000 -170.926300123   -3.159684014
   -7.200000000 -171.099745639   -2.171390480
   -7.130000000 -171.221993969   -1.746248540
   -7.060000000 -171.347064854   -2.281967787
   -6.990000000 -171.531903978   -3.298817942
   -6.920000000 -171.775120329   -3.838964290
   -6.850000000 -172.014674454   -3.078096960
   -6.780000000 -172.167996585   -1.515061927
   -6.710000000 -172.218185400   -0.453260216
   -6.640000000 -172.244801760   -0.878558735
   -6.570000000 -172.347786927   -2.414280887
   -6.500000000 -172.552991919   -3.571812874
   -6.430000000 -172.784050335   -3.055560375
   -6.360000000 -172.930151082   -1.368422554
   -6.290000000 -172.962335507   -0.051312099
   -6.220000000 -172.954445896   -0.278683611
   -6.150000000 -173.008691151   -1.643538047
   -6.080000000 -173.157375955   -2.738683577
   -6.010000000 -173.340718154   -2.607066034
   -5.940000000 -173.474922126   -1.467810584
   -5.870000000 -173.524993042   -0.377337324
   -5.800000000 -173.525843724   -0.081867605
   -5.730000000 -173.536119109   -0.573602625
   -5.660000000 -173.588285065   -1.241375692
   -5.590000000 -173.674522418   -1.512352384
   -5.520000000 -173.762652062   -1.247253538
   -5.450000000 -173.824158685   -0.820967763
   -5.380000000 -173.862397265   -0.666535501
   -5.310000000 -173.907869678   -1.071377161
   -5.240000000 -173.997496427   -1.776984754
   -5.170000000 -174.126820977   -2.184241344
   -5.100000000 -174.254706988   -1.581313614
   -5.030000000 -174.314016011   -0.395050648
   -4.960000000 -174.303271148    0.274716681
   -4.890000000 -174.293321938   -0.652123302
   -4.820000000 -174.396925475   -2.690286216
   -4.750000000 -174.637182662   -4.162119249
   -4.680000000 -174.905810114   -3.381035965
   -4.610000000 -175.036092330   -0.455331215
   -4.540000000 -174.948110485    2.412131282
   -4.470000000 -174.741037533    2.665707188
   -4.400000000 -174.629204686   -0.187020665
   -4.330000000 -174.765213239   -3.935368265
   -4.260000000 -175.104217062   -5.505032689
   -4.190000000 -175.427700522   -3.503096891
   -4.120000000 -175.523191408    0.511935071
   -4.050000000 -175.359676573    3.378700834
   -3.980000000 -175.107860616    2.930550663
   -3.910000000 -174.997875544   -0.340970421
   -3.840000000 -175.136290973   -3.785933907
   -3.770000000 -175.441926883   -4.768054506
   -3.700000000 -175.711741639   -2.856948951
   -3.630000000 -175.792484288    0.240391216
   -3.560000000 -175.687445722    2.111985923
   -3.490000000 -175.533101559    1.674279805
   -3.420000000 -175.475107611   -0.431487733
   -3.350000000 -175.564907050   -2.425705190
   -3.280000000 -175.751339212   -2.883032580
   -3.210000000 -175.916273951   -1.925004095
   -3.140000000 -175.989838630   -0.498240140
   -3.070000000 -175.979905410    0.286306385
   -3.000000000 -175.953525673    0.005974314
   -2.930000000 -175.975600153   -1.008087862
   -2.860000000 -176.067217836   -1.857087006
   -2.790000000 -176.195049068   -1.987157494
   -2.720000000 -176.305738875   -1.383903495
   -2.650000000 -176.368652237   -0.837977231
   -2.580000000 -176.410045551   -0.751459112
   -2.510000000 -176.465055316   -1.213094953
   -2.440000000 -176.557056875   -1.660694471
   -2.370000000 -176.667155090   -1.791078167
   -2.300000000 -176.776856548   -1.688005949
   -2.230000000 -176.884503508   -1.725081596
   -2.160000000 -177.004850608   -2.033479863
   -2.090000000 -177.147799063   -2.338858601
   -2.020000000 -177.300021577   -2.266573450
   -1.950000000 -177.437446623   -1.929691456
   -1.880000000 -177.547788932   -1.583559629
   -1.810000000 -177.642607543   -1.543304028
   -1.740000000 -177.744339167   -1.632753685
   -1.670000000 -177.850198338   -1.680051651
   -1.600000000 -177.950949573   -1.548356606
   -1.530000000 -178.039157740   -1.307084823
   -1.460000000 -178.116102965   -1.282886315
   -1.390000000 -178.197948273   -1.396208512
   -1.320000000 -178.285484007   -1.397223871
   -1.250000000 -178.361488174   -0.958996741
   -1.180000000 -178.391653855   -0.190123820
   -1.110000000 -178.361118347    0.793884834
   -1.040000000 -178.259016896    1.714732839
   -0.970000000 -178.093998843    2.685358576
   -0.900000000 -177.866928490    3.468698841
   -0.830000000 -177.593745471    3.917568318
   -0.760000000 -177.307334446    3.830303589
   -0.690000000 -177.045301447    3.318422703
   -0.620000000 -176.825310991    2.631165793
   -0.550000000 -176.648594711    2.154403798
   -0.480000000 -176.501462579    1.790367696
   -0.410000000 -176.381509174    1.269605764
   -0.340000000 -176.311424623    0.279670833
   -0.270000000 -176.325400597   -0.998979359
   -0.200000000 -176.421208292   -1.931568637
   -0.130000000 -176.544631490   -1.785735940
   -0.060000000 -176.619795915   -0.531081321
    0.010000000 -176.598870236    0.709725394
    0.080000000 -176.526962848    0.769490594
    0.150000000 -176.497173761   -0.354717601
    0.220000000 -176.553761427   -1.391204809
    0.290000000 -176.636085488   -1.040429202
    0.360000000 -176.643470727    0.692357777
    0.430000000 -176.525753337    2.182635379
    0.500000000 -176.354172450    2.079443965
    0.570000000 -176.247012504    0.492863267
    0.640000000 -176.271059895   -1.335987561
    0.710000000 -176.394840958   -2.411408193
    0.780000000 -176.560873889   -2.612419765
    0.850000000 -176.733264503   -2.732007059
    0.920000000 -176.934611751   -3.409213895
    0.990000000 -177.205715370   -4.693656578
    1.060000000 -177.573956644   -6.097606065
    1.130000000 -178.030043696   -7.232103343
    1.200000000 -178.547967163   -7.771817814
    1.270000000 -179.080301717   -7.582886217
    1.340000000 -179.573337936   -6.713867332
    1.410000000 -179.986913793   -5.391642838
    1.480000000 -180.304648548   -4.006246303
    1.550000000 -180.534367244   -2.908369696
    1.620000000 -180.694707082   -1.987141961
    1.690000000 -180.787760298   -0.954343544
    1.760000000 -180.805679583    0.190422850
    1.830000000 -180.747556749    1.058495413
    1.900000000 -180.651427764    1.187315415
    1.970000000 -180.580454442    0.308432311
    2.040000000 -180.608602802   -1.541428419
    2.110000000 -180.795095812   -4.182711445
    2.180000000 -181.173839701   -6.916871143
    2.250000000 -181.728594522   -9.153295396
    2.320000000 -182.406202284  -10.323000368
    2.390000000 -183.123055926  -10.285399076
    2.460000000 -183.798845587   -9.194762172
    2.530000000 -184.363678492   -7.314916713
    2.600000000 -184.778606335   -4.886867017
    2.670000000 -185.010719402   -2.093582438
    2.740000000 -185.036185712    1.007388912
    2.810000000 -184.835652492    4.226168218
    2.880000000 -184.412786217    7.419106198
    2.950000000 -183.775129080   10.381467668
    3.020000000 -182.927319635   13.429263172
    3.090000000 -181.844181187   17.250628240
    3.160000000 -180.460455830   21.993885799
    3.230000000 -178.725087033   27.105159798
    3.300000000 -176.640053545   31.974665075
    3.370000000 -174.220339529   36.714949107
    3.440000000 -171.444301263   42.422759954
    3.510000000 -168.232874328   48.827863830
    3.580000000 -164.626757672   52.964421147
    3.650000000 -160.955999744   50.011485168
    3.720000000 -157.805623568   38.281795436
    3.790000000 -155.616673258   24.540678771
    3.860000000 -154.061458191   22.805478764
    3.930000000 -151.783434193   46.795962744
    4.000000000 -146.793009789   -0.000000000
